1 78
2 49
3 78
4 17
5 29
6 58
7 55
8 18
9 37
10 88
11 72
12 15
13 92
14 20
15 48
16 0
17 98
18 71
19 25
20 5
21 77
22 19
23 0
24 77
25 71
26 17
27 56
28 58
29 54
30 4
31 19
32 38
33 25
34 84
35 82
36 88
37 84
38 94
39 69
40 62
41 81
42 0
43 58
44 95
45 6
46 47
47 24
48 5
49 6
50 12
51 29
52 89
53 29
54 52
55 22
56 51
57 41
58 49
59 59
60 77
61 62
62 27
63 6
64 12
65 47
66 4
67 16
68 2
69 42
70 33
71 35
72 87
73 42
74 5
75 80
76 79
77 85
78 55
79 76
80 25
81 52
82 79
83 11
84 50
85 39
86 58
87 61
88 68
89 25
90 49
91 44
92 75
93 78
94 81
95 44
