1 44
2 18
3 52
4 32
5 88
6 21
7 58
8 67
9 57
10 73
11 75
12 81
13 47
14 32
15 83
16 46
17 73
18 95
19 13
20 90
21 51
22 13
23 95
24 61
25 7
26 72
27 51
28 50
29 41
30 96
31 80
32 12
33 74
34 49
35 10
36 22
37 5
38 37
39 47
40 44
41 66
42 81
43 24
44 94
45 97
46 64
47 24
48 93
49 26
50 30
51 73
52 26
53 95
54 42
55 29
56 80
57 37
58 56
59 95
60 82
61 21
62 22
63 6
64 38
65 55
66 61
67 15
68 17
69 74
70 29
71 60
72 54
73 56
74 93
75 37
76 30
77 75
78 54
79 72
80 18
81 49
82 20
83 76
84 46
85 49
86 71
87 71
88 15
89 35
