1 46
2 71
3 98
4 14
5 40
6 96
7 80
8 37
9 83
10 61
11 58
12 44
13 6
14 41
15 69
16 57
17 69
18 94
19 8
20 39
21 94
22 67
23 17
24 25
25 25
26 34
27 11
28 11
29 84
30 93
31 83
32 45
33 98
34 93
35 90
36 69
37 53
38 57
39 67
40 11
41 0
42 13
43 22
44 68
45 74
46 86
47 88
48 55
49 35
50 59
51 6
52 73
53 76
54 55
55 82
56 37
57 29
58 70
59 84
60 80
61 51
62 94
63 11
64 81
65 33
66 86
67 75
68 7
69 50
70 66
71 19
72 14
73 60
74 82
75 45
76 89
77 99
78 2
79 53
80 91
81 27
82 51
83 36
84 61
85 28
86 70
87 29
88 98
89 50
90 46
91 78
92 54
93 91
94 28
95 94
