1 20
2 45
3 34
4 86
5 96
6 97
7 50
8 50
9 69
10 57
11 95
12 66
13 41
14 74
15 72
16 25
17 77
18 73
19 2
20 19
21 33
22 77
23 21
24 80
25 20
26 35
27 17
28 91
29 43
30 59
31 18
32 89
33 15
34 56
35 18
36 48
37 21
38 8
39 94
40 7
41 85
42 37
43 40
44 0
45 10
46 40
47 80
48 57
49 49
50 41
51 61
52 1
53 93
54 69
55 52
56 19
57 84
58 48
59 36
60 38
61 29
62 86
63 80
64 79
65 66
66 97
67 14
68 0
69 48
70 42
71 76
72 6
73 49
74 37
75 79
76 9
77 38
78 74
79 44
80 52
81 55
82 24
83 27
84 20
85 17
86 42
87 51
88 79
89 35
