1 71
2 54
3 10
4 0
5 20
6 39
7 40
8 24
9 32
10 70
11 78
12 81
13 99
14 41
15 43
16 67
17 39
18 5
19 57
20 61
21 45
22 12
23 11
24 19
25 97
26 26
27 94
28 69
29 76
30 54
31 27
32 80
33 91
34 35
35 58
36 32
37 96
38 84
39 9
40 86
41 2
42 30
43 69
44 1
45 87
46 0
47 10
48 36
49 18
50 93
51 7
52 79
53 79
54 39
55 96
56 28
57 14
58 23
59 60
60 33
61 15
62 82
63 35
64 7
65 37
66 51
67 36
68 65
69 38
70 78
71 16
72 32
73 27
74 53
75 94
76 63
77 30
78 30
79 80
80 71
81 24
82 14
83 52
84 45
85 93
86 89
87 81
88 7
89 79
