1 87
2 77
3 35
4 46
5 79
6 87
7 29
8 51
9 89
10 48
11 14
12 72
13 0
14 10
15 89
16 95
17 73
18 83
19 33
20 15
21 20
22 21
23 94
24 98
25 34
26 63
27 3
28 59
29 82
30 21
31 89
32 1
33 25
34 89
35 14
36 72
37 73
38 93
39 64
40 38
41 39
42 22
43 95
44 85
45 65
46 32
47 78
48 51
49 27
50 48
51 23
52 51
53 3
54 51
55 61
56 44
57 8
58 64
59 34
60 0
61 68
62 85
63 35
64 67
65 33
66 22
67 11
68 54
69 74
70 32
71 81
72 27
73 83
74 78
75 50
76 63
77 82
78 91
79 10
80 72
81 66
82 35
83 32
84 76
85 90
86 23
87 45
88 66
89 12
