1 51
2 47
3 22
4 32
5 73
6 87
7 31
8 79
9 17
10 14
11 13
12 21
13 91
14 29
15 5
16 10
17 80
18 46
19 36
20 78
21 52
22 46
23 87
24 36
25 74
26 93
27 19
28 99
29 35
30 65
31 49
32 67
33 35
34 80
35 45
36 53
37 85
38 35
39 41
40 13
41 58
42 48
43 33
44 5
45 21
46 91
47 16
48 98
49 94
50 33
51 65
52 76
53 45
54 51
55 93
56 40
57 50
58 99
59 99
60 65
61 52
62 9
63 74
64 45
65 39
66 47
67 65
68 25
69 39
70 99
71 0
72 52
73 30
74 66
75 92
76 42
77 90
78 66
79 68
80 40
81 29
82 50
83 57
84 25
85 93
86 62
87 66
88 86
89 60
