1 79
2 9
3 31
4 39
5 93
6 45
7 76
8 13
9 34
10 11
11 85
12 77
13 90
14 27
15 86
16 67
17 3
18 2
19 21
20 54
21 58
22 34
23 83
24 18
25 60
26 9
27 17
28 47
29 62
30 35
31 81
32 13
33 13
34 57
35 89
36 3
37 35
38 87
39 3
40 43
41 54
42 5
43 60
44 36
45 60
46 79
47 85
48 39
49 39
50 86
51 2
52 24
53 56
54 91
55 58
56 23
57 18
58 42
59 91
60 66
61 3
62 43
63 0
64 1
65 50
66 86
67 23
68 8
69 73
70 66
71 96
72 26
73 59
74 74
75 19
76 93
77 95
78 31
79 81
80 5
81 3
82 29
83 14
84 94
85 44
86 77
87 41
88 9
89 10
