1 58
2 61
3 3
4 31
5 91
6 67
7 7
8 10
9 80
10 13
11 62
12 32
13 21
14 77
15 86
16 87
17 5
18 72
19 51
20 86
21 65
22 66
23 48
24 22
25 61
26 41
27 64
28 28
29 10
30 10
31 2
32 20
33 59
34 82
35 70
36 47
37 98
38 84
39 48
40 12
41 77
42 81
43 8
44 81
45 3
46 34
47 65
48 92
49 89
50 34
51 58
52 46
53 18
54 22
55 23
56 29
57 8
58 66
59 52
60 58
61 5
62 27
63 85
64 69
65 71
66 95
67 18
68 88
69 30
70 1
71 30
72 88
73 75
74 29
75 20
76 40
77 87
78 0
79 21
80 44
81 38
82 33
83 37
84 65
85 68
86 25
87 8
88 70
89 46
90 9
91 73
92 51
93 28
94 78
95 59
