1 31
2 8
3 49
4 63
5 70
6 78
7 57
8 98
9 38
10 48
11 40
12 70
13 30
14 44
15 81
16 24
17 34
18 98
19 71
20 84
21 84
22 21
23 20
24 69
25 2
26 86
27 0
28 47
29 88
30 78
31 74
32 41
33 23
34 90
35 52
36 83
37 39
38 4
39 95
40 96
41 33
42 63
43 78
44 62
45 81
46 51
47 67
48 2
49 32
50 88
51 20
52 32
53 31
54 63
55 49
56 23
57 64
58 20
59 24
60 53
61 89
62 19
63 45
64 90
65 67
66 65
67 83
68 56
69 1
70 30
71 40
72 72
73 94
74 89
75 1
76 23
77 82
78 75
79 35
80 80
81 16
82 66
83 23
84 82
85 97
86 39
87 44
88 46
89 93
90 88
91 90
92 71
93 19
94 15
95 75
