1 94
2 80
3 46
4 34
5 88
6 62
7 2
8 75
9 99
10 45
11 39
12 68
13 75
14 19
15 97
16 90
17 62
18 73
19 65
20 55
21 20
22 87
23 91
24 51
25 22
26 72
27 52
28 63
29 69
30 27
31 65
32 29
33 63
34 16
35 36
36 92
37 4
38 48
39 69
40 47
41 74
42 47
43 93
44 63
45 61
46 24
47 58
48 58
49 35
50 32
51 24
52 94
53 93
54 9
55 26
56 67
57 77
58 78
59 58
60 92
61 68
62 32
63 88
64 68
65 22
66 47
67 17
68 16
69 23
70 50
71 17
72 31
73 45
74 42
75 50
76 35
77 66
78 98
79 80
80 18
81 5
82 37
83 11
84 28
85 5
86 5
87 8
88 43
89 17
