1 61
2 75
3 3
4 14
5 8
6 7
7 33
8 99
9 14
10 48
11 52
12 8
13 24
14 31
15 1
16 39
17 93
18 48
19 68
20 2
21 50
22 75
23 37
24 99
25 9
26 56
27 84
28 29
29 37
30 98
31 92
32 71
33 10
34 11
35 49
36 69
37 57
38 68
39 80
40 30
41 87
42 11
43 31
44 31
45 98
46 74
47 6
48 42
49 77
50 2
51 72
52 67
53 54
54 73
55 96
56 86
57 42
58 30
59 81
60 24
61 57
62 34
63 96
64 59
65 79
66 85
67 57
68 43
69 66
70 20
71 52
72 5
73 51
74 6
75 11
76 63
77 88
78 53
79 66
80 68
81 45
82 17
83 18
84 15
85 52
86 28
87 71
88 43
89 42
90 14
91 40
92 6
93 43
94 89
95 69
