1 18
2 21
3 13
4 99
5 10
6 3
7 42
8 44
9 82
10 6
11 12
12 18
13 78
14 32
15 69
16 74
17 49
18 61
19 30
20 24
21 30
22 84
23 66
24 45
25 36
26 12
27 5
28 88
29 59
30 9
31 39
32 61
33 16
34 51
35 25
36 80
37 51
38 68
39 27
40 13
41 23
42 93
43 87
44 64
45 55
46 5
47 82
48 8
49 41
50 38
51 72
52 29
53 92
54 2
55 78
56 98
57 87
58 31
59 53
60 74
61 64
62 61
63 94
64 80
65 79
66 12
67 22
68 74
69 0
70 1
71 35
72 43
73 24
74 73
75 36
76 4
77 21
78 52
79 74
80 80
81 24
82 61
83 32
84 17
85 93
86 87
87 31
88 35
89 6
