1 40
2 89
3 20
4 33
5 80
6 65
7 24
8 20
9 26
10 60
11 74
12 99
13 90
14 22
15 25
16 26
17 56
18 22
19 20
20 72
21 68
22 61
23 87
24 5
25 79
26 31
27 84
28 86
29 50
30 2
31 98
32 44
33 75
34 96
35 49
36 38
37 37
38 81
39 94
40 32
41 41
42 29
43 66
44 8
45 79
46 0
47 84
48 80
49 70
50 83
51 92
52 22
53 97
54 21
55 32
56 76
57 39
58 88
59 13
60 13
61 58
62 93
63 53
64 2
65 16
66 54
67 1
68 98
69 83
70 41
71 6
72 23
73 28
74 71
75 55
76 6
77 67
78 12
79 37
80 18
81 21
82 87
83 22
84 54
85 54
86 14
87 20
88 97
89 77
90 63
91 21
92 74
93 3
94 43
95 6
