1 1
2 81
3 81
4 26
5 82
6 51
7 89
8 78
9 56
10 26
11 25
12 71
13 23
14 29
15 39
16 39
17 40
18 44
19 85
20 61
21 62
22 83
23 1
24 2
25 79
26 36
27 61
28 5
29 28
30 69
31 66
32 36
33 73
34 15
35 35
36 11
37 0
38 44
39 0
40 90
41 99
42 40
43 98
44 55
45 38
46 68
47 26
48 2
49 19
50 72
51 5
52 91
53 34
54 52
55 70
56 94
57 93
58 14
59 84
60 24
61 33
62 42
63 4
64 13
65 19
66 74
67 19
68 58
69 5
70 33
71 44
72 39
73 54
74 80
75 64
76 51
77 53
78 29
79 8
80 39
81 7
82 56
83 52
84 28
85 91
86 3
87 51
88 64
89 34
90 56
91 90
92 73
93 16
94 11
95 18
