1 19
2 62
3 4
4 8
5 27
6 0
7 54
8 73
9 56
10 99
11 39
12 93
13 0
14 92
15 32
16 33
17 32
18 0
19 42
20 96
21 47
22 24
23 42
24 95
25 61
26 73
27 42
28 75
29 55
30 21
31 6
32 33
33 74
34 74
35 75
36 58
37 28
38 80
39 48
40 60
41 58
42 47
43 48
44 2
45 66
46 51
47 3
48 23
49 14
50 99
51 3
52 34
53 70
54 82
55 58
56 26
57 13
58 17
59 23
60 65
61 54
62 78
63 79
64 24
65 52
66 21
67 75
68 73
69 4
70 57
71 68
72 60
73 84
74 71
75 10
76 13
77 11
78 67
79 46
80 51
81 60
82 73
83 66
84 12
85 98
86 10
87 7
88 12
89 57
90 79
91 52
92 70
93 88
94 83
95 9
