1 58
2 21
3 7
4 97
5 20
6 42
7 55
8 6
9 34
10 58
11 82
12 63
13 98
14 67
15 8
16 47
17 80
18 33
19 77
20 9
21 10
22 9
23 99
24 13
25 79
26 17
27 47
28 10
29 51
30 0
31 12
32 73
33 88
34 31
35 52
36 4
37 38
38 5
39 97
40 92
41 4
42 42
43 96
44 48
45 21
46 30
47 48
48 93
49 90
50 61
51 38
52 87
53 75
54 71
55 13
56 35
57 75
58 1
59 93
60 74
61 26
62 53
63 69
64 68
65 32
66 45
67 25
68 31
69 62
70 16
71 63
72 74
73 33
74 30
75 70
76 96
77 96
78 6
79 10
80 95
81 21
82 35
83 4
84 13
85 12
86 42
87 53
88 78
89 83
