1 27
2 58
3 70
4 44
5 30
6 45
7 86
8 84
9 41
10 85
11 25
12 70
13 16
14 74
15 10
16 54
17 57
18 40
19 38
20 47
21 6
22 81
23 45
24 0
25 99
26 37
27 99
28 18
29 43
30 4
31 92
32 28
33 25
34 32
35 81
36 28
37 88
38 9
39 23
40 70
41 2
42 8
43 1
44 19
45 54
46 24
47 37
48 32
49 77
50 16
51 60
52 29
53 14
54 33
55 79
56 77
57 59
58 88
59 19
60 16
61 75
62 45
63 46
64 85
65 75
66 27
67 96
68 93
69 78
70 60
71 71
72 12
73 45
74 55
75 26
76 51
77 89
78 85
79 93
80 76
81 66
82 46
83 52
84 55
85 36
86 86
87 3
88 25
89 77
90 12
91 58
92 55
93 83
94 99
95 38
