1 14
2 41
3 84
4 25
5 94
6 31
7 62
8 36
9 35
10 91
11 42
12 95
13 91
14 13
15 45
16 26
17 21
18 9
19 45
20 33
21 10
22 66
23 95
24 45
25 88
26 26
27 2
28 51
29 86
30 64
31 52
32 24
33 61
34 13
35 82
36 52
37 28
38 45
39 39
40 92
41 78
42 74
43 29
44 96
45 30
46 27
47 40
48 89
49 9
50 50
51 72
52 29
53 68
54 30
55 86
56 37
57 29
58 80
59 80
60 40
61 55
62 82
63 70
64 2
65 19
66 37
67 96
68 34
69 2
70 40
71 85
72 18
73 37
74 61
75 78
76 78
77 56
78 82
79 85
80 72
81 66
82 56
83 70
84 3
85 71
86 58
87 91
88 5
89 20
90 89
91 17
92 15
93 76
94 21
95 74
