1 81
2 15
3 85
4 48
5 72
6 70
7 67
8 27
9 45
10 7
11 81
12 18
13 2
14 85
15 11
16 55
17 1
18 42
19 50
20 13
21 88
22 94
23 71
24 91
25 17
26 23
27 4
28 16
29 22
30 60
31 35
32 22
33 77
34 17
35 99
36 56
37 82
38 3
39 74
40 50
41 54
42 72
43 14
44 32
45 87
46 62
47 36
48 82
49 10
50 93
51 74
52 70
53 57
54 82
55 8
56 67
57 43
58 91
59 38
60 22
61 51
62 46
63 2
64 48
65 41
66 23
67 58
68 76
69 71
70 74
71 94
72 15
73 26
74 29
75 79
76 98
77 5
78 38
79 67
80 63
81 16
82 65
83 12
84 24
85 68
86 54
87 96
88 10
89 63
