2 201 7
2 202 8
2 203 6
2 204 10
2 205 9
2 206 5
2 207 5
2 208 2
2 209 7
2 210 9
2 211 1
2 212 5
2 213 8
2 214 4
2 215 9
2 216 7
2 217 2
2 218 10
2 219 9
2 220 9
2 221 2
2 222 8
2 223 1
2 224 8
2 226 4
2 227 4
2 228 5
2 229 2
2 230 5
2 231 2
2 232 3
2 233 9
2 234 10
2 235 5
2 236 10
2 237 1
2 238 4
2 239 2
2 240 1
2 241 1
2 242 5
2 243 2
2 244 1
2 245 3
2 246 2
2 247 3
2 248 1
2 249 7
2 250 5
2 251 1
2 252 10
2 253 5
2 254 5
2 255 9
2 256 5
2 257 10
2 258 6
2 259 2
2 260 3
2 261 9
2 262 2
2 263 6
2 264 5
2 265 1
2 266 2
2 267 3
2 268 9
2 269 7
2 270 1
2 271 2
2 272 7
2 274 5
2 275 10
2 276 4
2 277 8
2 278 7
2 279 3
2 280 6
2 281 1
2 282 7
