1 101 5
1 102 4
1 103 2
1 104 10
1 105 1
1 107 5
1 108 1
1 109 9
1 110 1
1 111 2
1 112 8
1 113 1
1 114 1
1 115 8
1 116 3
1 117 10
1 118 4
1 119 8
1 120 5
1 121 8
1 122 7
1 123 1
1 124 8
1 125 3
1 126 8
1 127 9
1 128 9
1 129 1
1 130 2
1 131 9
1 132 2
1 134 5
1 136 3
1 137 2
1 138 2
1 139 4
1 140 6
1 141 7
1 142 10
1 143 7
1 144 8
1 145 7
1 146 3
1 147 10
1 148 10
1 150 1
1 151 4
1 152 2
1 153 7
1 154 2
1 155 1
1 156 1
1 157 2
1 158 2
1 159 7
1 160 9
1 161 1
1 162 8
1 163 9
1 164 8
1 165 2
1 166 8
1 167 7
1 168 8
1 170 3
1 171 1
1 172 1
1 173 8
1 174 4
1 175 8
1 176 8
1 177 1
1 178 10
1 179 9
1 180 5
1 181 4
1 182 3
1 183 8
1 184 1
1 185 3
1 186 1
1 187 9
1 188 6
1 189 9
1 190 2
1 191 5
1 193 4
1 194 5
