4 401 7
4 402 9
4 404 6
4 405 7
4 406 8
4 407 2
4 408 8
4 409 5
4 410 10
4 411 5
4 412 5
4 413 1
4 414 9
4 415 8
4 417 1
4 418 1
4 419 3
4 420 10
4 422 10
4 423 8
4 424 1
4 425 6
4 426 1
4 427 4
4 428 4
4 430 6
4 432 8
4 433 5
4 434 9
4 435 7
4 436 3
4 437 9
4 438 9
4 439 10
4 440 3
4 442 3
4 443 7
4 444 6
4 445 8
4 446 10
4 447 10
4 448 9
4 449 3
4 450 6
4 451 8
4 452 9
4 453 8
4 454 10
4 455 7
4 456 9
4 457 8
4 458 10
4 459 1
4 460 10
4 461 2
4 462 8
4 463 2
4 464 5
4 465 1
4 466 4
4 467 10
4 468 1
4 469 1
4 470 5
4 471 3
4 472 1
4 474 7
4 475 8
4 476 7
4 477 6
4 478 4
4 479 2
4 480 7
4 481 4
4 483 4
4 484 8
4 485 7
4 486 1
4 487 6
4 488 2
4 489 2
4 490 3
4 491 9
