1 101 4
1 102 9
1 103 8
1 104 3
1 106 8
1 107 2
1 108 8
1 109 3
1 110 1
1 111 4
1 112 8
1 113 9
1 114 8
1 115 6
1 116 8
1 117 4
1 118 10
1 119 10
1 120 8
1 121 4
1 122 2
1 124 1
1 125 1
1 126 3
1 127 4
1 128 9
1 130 10
1 131 4
1 132 10
1 133 5
1 134 10
1 135 2
1 136 5
1 137 10
1 138 7
1 140 9
1 141 1
1 143 4
1 144 5
1 145 1
1 147 7
1 148 2
1 149 10
1 150 3
1 151 8
1 152 4
1 153 3
1 154 2
1 156 4
1 157 6
1 158 5
1 160 7
1 161 5
1 162 1
1 163 8
1 165 7
1 166 1
1 167 8
1 168 1
1 169 6
1 170 10
1 171 3
1 172 7
1 173 1
1 174 1
1 175 10
1 176 6
1 177 5
1 178 9
1 179 3
1 180 6
1 181 5
1 182 9
1 184 9
1 185 10
1 186 3
1 187 3
1 188 2
1 189 9
1 190 4
1 191 6
1 192 7
1 193 8
1 194 5
