4 401 6
4 402 7
4 403 7
4 404 4
4 405 1
4 406 4
4 407 9
4 408 3
4 409 10
4 411 1
4 412 2
4 413 3
4 414 8
4 415 8
4 416 2
4 417 3
4 418 1
4 419 1
4 420 4
4 423 3
4 424 8
4 425 4
4 426 8
4 427 4
4 428 6
4 430 6
4 431 6
4 432 4
4 433 5
4 434 3
4 435 5
4 436 8
4 437 10
4 438 3
4 439 5
4 441 6
4 442 1
4 443 4
4 444 10
4 445 7
4 446 3
4 447 6
4 448 5
4 449 2
4 450 7
4 451 9
4 453 4
4 454 7
4 455 5
4 456 9
4 457 6
4 458 3
4 459 5
4 460 9
4 461 2
4 462 4
4 463 10
4 464 9
4 465 8
4 466 8
4 467 10
4 468 5
4 469 4
4 470 8
4 471 1
4 472 6
4 473 3
4 474 3
4 475 8
4 476 6
4 477 6
4 478 7
4 479 5
4 480 6
4 481 6
4 482 9
4 483 9
4 484 5
4 485 2
4 486 6
4 487 2
4 488 3
4 489 4
4 490 9
4 491 5
