4 401 3
4 402 6
4 403 3
4 404 2
4 406 10
4 407 1
4 409 2
4 410 5
4 411 3
4 412 3
4 413 4
4 414 8
4 416 3
4 417 9
4 418 4
4 420 4
4 421 2
4 422 10
4 423 2
4 424 5
4 425 6
4 427 2
4 428 10
4 429 9
4 430 5
4 431 7
4 432 8
4 434 7
4 435 7
4 436 1
4 437 3
4 438 5
4 439 7
4 440 8
4 441 3
4 442 9
4 443 10
4 444 7
4 445 2
4 446 10
4 447 7
4 448 4
4 449 1
4 450 4
4 451 3
4 452 5
4 453 1
4 454 3
4 455 9
4 456 7
4 457 3
4 458 3
4 459 6
4 460 3
4 461 6
4 462 1
4 464 7
4 465 3
4 466 1
4 467 7
4 469 5
4 470 2
4 471 6
4 472 2
4 473 8
4 474 10
4 475 9
4 476 8
4 477 5
4 478 7
4 479 3
4 480 2
4 481 7
4 482 5
4 483 3
4 484 1
4 485 5
4 486 2
4 487 10
4 488 9
4 489 1
4 490 10
4 491 9
