2 202 2
2 203 5
2 205 8
2 206 3
2 208 8
2 209 1
2 210 4
2 211 10
2 212 1
2 214 3
2 215 9
2 217 10
2 218 6
2 220 6
2 221 4
2 222 8
2 223 6
2 224 1
2 225 7
2 226 8
2 227 5
2 228 4
2 230 4
2 231 3
2 232 10
2 233 4
2 234 3
2 235 3
2 237 6
2 238 6
2 240 3
2 241 10
2 242 5
2 243 10
2 244 9
2 245 9
2 246 9
2 247 8
2 248 4
2 249 4
2 251 6
2 252 5
2 253 1
2 255 1
2 256 6
2 257 8
2 258 4
2 259 8
2 260 9
2 262 9
2 263 10
2 264 4
2 265 1
2 266 6
2 267 8
2 268 7
2 269 3
2 270 4
2 271 8
2 272 5
2 273 8
2 274 8
2 275 5
2 277 4
2 278 7
2 279 8
2 280 3
2 281 9
2 282 6
