3 301 7
3 303 2
3 304 5
3 305 9
3 306 10
3 309 7
3 310 5
3 313 5
3 314 5
3 315 9
3 317 7
3 318 1
3 319 9
3 320 10
3 321 8
3 323 10
3 324 4
3 325 4
3 327 4
3 328 7
3 329 8
3 330 9
3 331 5
3 332 5
3 334 8
3 335 1
3 336 10
3 337 4
3 340 7
3 342 8
3 344 7
3 345 3
3 346 5
3 347 1
3 348 6
3 349 4
3 350 8
3 351 3
3 352 1
3 353 8
3 354 9
3 355 8
3 356 5
3 357 2
3 358 8
3 359 7
3 360 9
3 361 5
3 363 6
3 364 3
3 365 6
3 366 5
3 367 10
3 368 8
3 369 6
3 370 2
3 371 5
3 372 3
3 373 8
3 374 2
3 375 5
3 376 9
3 377 4
3 378 2
3 379 3
3 380 5
3 381 3
3 382 3
3 383 10
3 384 8
3 385 4
3 387 5
3 388 1
