3 301 2
3 303 1
3 304 7
3 305 1
3 307 3
3 309 1
3 310 10
3 311 1
3 312 1
3 313 1
3 314 7
3 315 4
3 316 10
3 317 4
3 318 1
3 319 2
3 320 9
3 321 6
3 322 2
3 323 7
3 324 5
3 325 5
3 326 3
3 327 3
3 328 7
3 329 1
3 330 7
3 331 2
3 332 8
3 333 3
3 334 9
3 335 10
3 336 2
3 337 3
3 338 9
3 339 6
3 340 10
3 341 10
3 342 4
3 343 8
3 344 5
3 345 6
3 346 9
3 347 1
3 348 2
3 349 10
3 350 10
3 351 4
3 352 3
3 353 10
3 354 3
3 355 1
3 356 2
3 357 9
3 358 4
3 359 7
3 360 9
3 361 2
3 362 9
3 363 1
3 364 2
3 365 3
3 366 3
3 367 7
3 368 2
3 369 10
3 370 10
3 371 3
3 372 7
3 373 10
3 374 6
3 375 9
3 376 9
3 377 2
3 379 3
3 380 9
3 381 2
3 383 3
3 384 8
3 385 2
3 386 2
3 387 5
3 388 4
