3 301 2
3 302 1
3 303 6
3 304 8
3 305 7
3 306 10
3 307 2
3 308 1
3 309 8
3 310 1
3 311 6
3 313 2
3 315 1
3 316 4
3 317 6
3 318 8
3 319 8
3 320 3
3 321 7
3 322 8
3 323 3
3 324 6
3 325 7
3 326 9
3 327 8
3 328 3
3 329 7
3 330 8
3 332 2
3 333 10
3 334 7
3 335 7
3 336 10
3 337 1
3 338 2
3 340 5
3 341 1
3 342 1
3 343 6
3 346 8
3 347 1
3 348 2
3 349 9
3 350 3
3 351 8
3 352 3
3 353 3
3 354 6
3 355 9
3 356 6
3 357 9
3 358 1
3 359 5
3 360 8
3 361 5
3 362 1
3 363 10
3 364 4
3 365 3
3 366 3
3 367 9
3 368 2
3 369 10
3 370 1
3 371 9
3 372 7
3 373 9
3 374 1
3 375 2
3 376 6
3 377 6
3 378 2
3 379 10
3 380 2
3 381 4
3 383 2
3 384 1
3 385 8
3 386 6
3 387 7
3 388 6
