4 401 6
4 402 2
4 403 10
4 404 9
4 405 6
4 406 5
4 407 7
4 408 9
4 409 10
4 410 3
4 412 7
4 413 2
4 414 6
4 415 1
4 417 8
4 418 2
4 419 9
4 420 5
4 422 5
4 423 2
4 424 8
4 425 6
4 427 3
4 428 7
4 429 10
4 430 2
4 431 10
4 433 3
4 434 5
4 435 5
4 436 3
4 437 8
4 438 2
4 439 10
4 440 3
4 442 6
4 443 3
4 444 6
4 445 3
4 446 8
4 447 3
4 448 5
4 449 5
4 450 8
4 451 8
4 452 5
4 453 6
4 454 10
4 455 3
4 456 3
4 457 10
4 458 3
4 459 6
4 460 7
4 462 6
4 463 5
4 464 1
4 465 3
4 466 4
4 467 4
4 468 2
4 469 3
4 470 2
4 471 10
4 473 5
4 474 8
4 475 4
4 476 4
4 477 4
4 478 7
4 479 4
4 480 6
4 481 2
4 482 3
4 483 10
4 484 9
4 485 3
4 486 10
4 487 1
4 488 10
4 489 3
4 490 1
4 491 8
