1 101 2
1 102 7
1 104 1
1 105 3
1 106 9
1 107 1
1 108 4
1 109 9
1 110 9
1 111 7
1 112 9
1 113 8
1 114 10
1 115 4
1 117 2
1 118 3
1 119 8
1 120 2
1 121 5
1 122 5
1 123 7
1 124 6
1 125 3
1 126 3
1 127 9
1 128 2
1 129 8
1 130 7
1 131 7
1 132 2
1 134 7
1 135 2
1 136 3
1 137 6
1 138 9
1 139 8
1 140 7
1 141 10
1 142 9
1 143 10
1 144 6
1 145 1
1 146 8
1 147 4
1 148 1
1 149 3
1 151 9
1 152 10
1 154 5
1 156 1
1 157 7
1 158 2
1 159 6
1 160 10
1 161 3
1 162 2
1 163 3
1 165 7
1 166 7
1 167 4
1 168 8
1 169 4
1 170 4
1 171 7
1 172 1
1 173 2
1 174 5
1 175 3
1 176 3
1 177 3
1 178 3
1 179 2
1 180 9
1 181 1
1 182 8
1 183 6
1 184 6
1 185 5
1 186 8
1 187 2
1 188 5
1 189 3
1 190 7
1 191 10
1 192 8
1 193 1
1 194 6
