5 501 4
5 502 3
5 503 6
5 504 2
5 505 4
5 506 9
5 507 1
5 508 5
5 510 9
5 511 8
5 512 1
5 513 6
5 514 2
5 516 10
5 517 9
5 518 8
5 519 5
5 520 8
5 521 2
5 522 7
5 523 3
5 524 8
5 525 3
5 526 9
5 527 4
5 528 2
5 530 3
5 531 6
5 532 8
5 533 3
5 534 4
5 535 3
5 536 3
5 538 7
5 540 10
5 542 5
5 543 10
5 544 7
5 545 9
5 546 6
5 547 8
5 548 3
5 549 4
5 550 2
5 551 10
5 552 7
5 553 10
5 554 6
5 555 7
5 556 6
5 557 10
5 559 4
5 560 2
5 561 4
5 562 6
5 563 6
5 565 8
5 566 3
5 567 7
5 568 2
5 569 4
5 570 5
5 571 1
5 572 2
5 573 1
5 574 2
5 576 2
5 577 9
5 579 5
5 581 1
5 582 4
5 583 9
5 584 2
5 586 4
5 587 1
5 588 2
5 589 1
