5 501 9
5 502 7
5 503 9
5 504 9
5 508 3
5 509 2
5 510 10
5 511 3
5 512 5
5 513 1
5 515 9
5 516 5
5 517 8
5 518 1
5 519 6
5 521 3
5 522 2
5 523 5
5 524 2
5 525 7
5 526 9
5 527 8
5 528 2
5 529 10
5 530 1
5 531 3
5 532 8
5 533 6
5 535 7
5 536 9
5 537 9
5 538 3
5 539 9
5 540 2
5 541 9
5 542 7
5 543 5
5 544 1
5 545 5
5 546 7
5 547 5
5 549 8
5 550 3
5 551 2
5 552 9
5 553 7
5 554 7
5 555 9
5 556 8
5 558 9
5 559 6
5 560 2
5 561 3
5 562 10
5 563 3
5 564 6
5 565 7
5 566 3
5 567 8
5 568 8
5 569 5
5 571 8
5 572 7
5 573 10
5 574 10
5 575 8
5 576 6
5 577 3
5 579 3
5 580 4
5 581 9
5 583 8
5 584 7
5 585 4
5 586 5
5 587 7
5 588 10
5 589 4
