3 302 9
3 303 7
3 304 6
3 305 4
3 306 10
3 307 10
3 308 7
3 309 9
3 310 8
3 312 9
3 313 1
3 314 1
3 315 5
3 316 4
3 317 6
3 318 3
3 319 6
3 320 1
3 321 7
3 322 10
3 323 5
3 324 1
3 325 5
3 326 3
3 327 7
3 329 3
3 330 9
3 331 4
3 332 6
3 333 7
3 335 3
3 336 3
3 337 9
3 338 6
3 340 3
3 341 4
3 342 4
3 343 1
3 344 4
3 345 5
3 346 8
3 347 9
3 348 9
3 349 1
3 350 8
3 351 10
3 353 1
3 354 8
3 355 2
3 356 9
3 357 2
3 358 2
3 359 4
3 360 10
3 361 6
3 362 10
3 363 8
3 364 6
3 365 2
3 366 2
3 367 2
3 369 2
3 371 5
3 372 8
3 373 1
3 374 1
3 375 2
3 377 6
3 378 7
3 379 6
3 380 9
3 381 6
3 382 7
3 383 7
3 384 2
3 385 5
3 386 6
3 387 1
3 388 6
