4 401 9
4 402 8
4 403 1
4 404 1
4 406 8
4 407 10
4 409 9
4 410 10
4 411 9
4 412 6
4 414 3
4 415 1
4 416 7
4 417 5
4 418 4
4 419 4
4 420 7
4 421 5
4 422 8
4 423 9
4 424 7
4 425 2
4 427 6
4 429 8
4 430 9
4 431 3
4 432 7
4 433 3
4 434 8
4 435 5
4 436 4
4 437 8
4 438 10
4 439 10
4 440 10
4 441 8
4 442 5
4 443 7
4 445 8
4 446 6
4 447 1
4 448 6
4 449 10
4 450 2
4 451 4
4 452 10
4 453 10
4 454 5
4 455 3
4 456 9
4 457 9
4 458 9
4 459 9
4 460 9
4 461 2
4 462 8
4 463 1
4 464 7
4 465 5
4 466 10
4 467 3
4 469 8
4 470 6
4 471 10
4 472 7
4 473 3
4 474 10
4 475 6
4 476 7
4 477 1
4 478 7
4 479 9
4 480 4
4 481 2
4 482 6
4 483 4
4 484 4
4 486 5
4 487 2
4 488 5
4 489 2
4 491 1
