4 401 4
4 403 9
4 404 7
4 405 8
4 406 7
4 407 4
4 408 2
4 409 2
4 410 8
4 411 10
4 413 10
4 414 9
4 415 3
4 416 9
4 417 9
4 418 8
4 419 2
4 420 5
4 421 9
4 422 2
4 423 3
4 424 10
4 425 9
4 426 3
4 427 3
4 428 2
4 429 6
4 430 3
4 431 9
4 432 3
4 433 8
4 434 8
4 435 2
4 436 4
4 437 4
4 438 2
4 439 1
4 440 5
4 441 4
4 442 2
4 443 1
4 444 1
4 445 3
4 446 9
4 447 4
4 448 7
4 449 5
4 450 5
4 451 1
4 452 10
4 455 2
4 456 4
4 458 3
4 460 10
4 461 2
4 462 7
4 463 1
4 464 10
4 465 1
4 466 3
4 467 6
4 469 6
4 470 3
4 471 9
4 472 10
4 473 5
4 474 7
4 475 7
4 476 2
4 477 3
4 478 1
4 479 3
4 480 8
4 481 10
4 482 4
4 483 5
4 484 2
4 485 7
4 486 5
4 487 8
4 488 9
4 489 5
4 491 10
