1 102 4
1 103 2
1 105 8
1 107 6
1 108 5
1 109 6
1 110 2
1 112 3
1 113 3
1 114 2
1 115 2
1 116 5
1 117 4
1 118 10
1 119 7
1 120 6
1 121 9
1 122 2
1 123 7
1 124 10
1 125 4
1 126 5
1 127 6
1 128 10
1 129 3
1 130 9
1 131 10
1 132 10
1 133 9
1 134 2
1 135 8
1 136 1
1 137 6
1 138 8
1 139 2
1 140 6
1 141 6
1 142 8
1 143 8
1 144 5
1 145 7
1 146 6
1 147 1
1 148 3
1 149 6
1 150 7
1 151 9
1 153 3
1 154 10
1 155 9
1 156 1
1 157 9
1 158 1
1 159 3
1 160 4
1 161 1
1 162 10
1 163 10
1 165 4
1 166 9
1 168 2
1 169 6
1 170 3
1 171 3
1 172 3
1 173 6
1 174 2
1 175 4
1 176 3
1 177 5
1 178 6
1 179 10
1 180 7
1 181 4
1 182 5
1 183 8
1 184 8
1 185 3
1 186 3
1 187 2
1 188 7
1 189 7
1 190 1
1 191 10
1 192 6
1 193 7
1 194 3
