4 401 7
4 402 4
4 403 3
4 404 9
4 405 8
4 406 6
4 407 2
4 409 2
4 410 2
4 411 10
4 413 9
4 414 1
4 415 10
4 416 7
4 417 6
4 418 8
4 419 6
4 420 3
4 421 3
4 422 6
4 423 9
4 424 6
4 425 4
4 426 10
4 427 10
4 428 1
4 430 8
4 431 5
4 432 3
4 433 6
4 434 6
4 435 3
4 436 8
4 437 3
4 438 6
4 439 1
4 440 3
4 441 2
4 442 5
4 443 6
4 444 5
4 445 3
4 446 1
4 447 2
4 448 2
4 449 3
4 450 4
4 451 10
4 452 6
4 453 1
4 454 4
4 455 6
4 456 5
4 457 7
4 458 10
4 459 1
4 461 4
4 462 5
4 463 10
4 464 3
4 465 9
4 466 7
4 467 2
4 468 8
4 469 1
4 470 3
4 471 9
4 472 2
4 473 6
4 474 4
4 475 3
4 476 2
4 477 8
4 478 8
4 479 4
4 480 4
4 481 8
4 482 8
4 483 7
4 484 7
4 485 2
4 486 1
4 488 2
4 489 2
4 490 4
4 491 2
