2 201 2
2 202 6
2 203 2
2 204 7
2 207 7
2 208 4
2 209 3
2 210 1
2 211 2
2 212 5
2 213 8
2 214 7
2 215 10
2 216 3
2 217 1
2 218 9
2 219 9
2 220 7
2 221 7
2 222 10
2 223 10
2 224 7
2 225 9
2 227 8
2 228 10
2 230 6
2 231 4
2 232 3
2 233 5
2 234 8
2 235 7
2 236 2
2 237 5
2 238 3
2 239 5
2 240 6
2 241 4
2 242 9
2 243 5
2 244 2
2 245 8
2 246 2
2 247 5
2 249 4
2 250 1
2 251 6
2 252 3
2 254 9
2 255 3
2 256 3
2 257 5
2 258 5
2 259 3
2 260 7
2 261 6
2 262 3
2 263 6
2 264 7
2 266 7
2 267 7
2 268 10
2 269 1
2 270 6
2 271 8
2 272 8
2 273 8
2 274 3
2 275 1
2 276 4
2 277 3
2 280 10
2 281 9
2 282 7
