1 101 10
1 102 5
1 103 6
1 104 7
1 105 1
1 106 4
1 107 6
1 108 5
1 109 10
1 110 3
1 111 5
1 112 1
1 113 1
1 114 5
1 115 4
1 116 1
1 117 4
1 119 1
1 121 6
1 122 5
1 123 8
1 124 8
1 125 3
1 126 6
1 127 6
1 128 6
1 129 7
1 130 2
1 131 9
1 132 5
1 133 5
1 134 9
1 135 2
1 136 7
1 137 9
1 138 1
1 139 1
1 141 7
1 142 1
1 143 9
1 144 2
1 145 10
1 146 7
1 148 8
1 149 10
1 150 4
1 151 6
1 154 1
1 155 2
1 156 7
1 157 4
1 158 8
1 159 8
1 160 2
1 161 5
1 162 4
1 163 4
1 164 2
1 165 3
1 166 4
1 167 10
1 169 5
1 170 2
1 171 4
1 172 5
1 173 9
1 174 10
1 176 7
1 179 1
1 180 9
1 182 8
1 183 1
1 184 6
1 185 3
1 186 8
1 187 1
1 188 1
1 190 3
1 191 6
1 192 7
1 193 2
1 194 5
