3 301 1
3 303 5
3 304 9
3 305 3
3 306 9
3 307 6
3 308 7
3 309 7
3 310 4
3 311 9
3 312 3
3 313 8
3 314 6
3 315 1
3 316 8
3 317 6
3 318 3
3 319 4
3 320 7
3 321 5
3 323 4
3 324 4
3 325 9
3 326 4
3 327 6
3 328 5
3 329 2
3 330 4
3 331 4
3 332 6
3 333 5
3 335 10
3 336 10
3 337 7
3 338 7
3 339 8
3 340 9
3 341 10
3 342 1
3 343 6
3 344 9
3 345 3
3 346 1
3 347 6
3 348 10
3 349 10
3 350 6
3 351 5
3 352 1
3 353 4
3 354 7
3 355 4
3 356 9
3 357 10
3 358 9
3 359 7
3 360 6
3 361 10
3 362 3
3 363 6
3 364 10
3 365 10
3 366 3
3 367 4
3 368 5
3 369 10
3 371 8
3 372 8
3 373 2
3 374 2
3 376 5
3 377 3
3 378 6
3 379 9
3 380 5
3 381 4
3 382 8
3 383 10
3 384 5
3 385 1
3 386 9
3 387 8
3 388 9
