2 201 5
2 202 5
2 206 9
2 208 4
2 209 3
2 211 6
2 212 5
2 213 9
2 214 1
2 215 4
2 216 4
2 217 4
2 218 1
2 219 4
2 220 8
2 221 10
2 222 7
2 223 2
2 227 8
2 228 9
2 229 5
2 230 2
2 231 3
2 232 8
2 233 3
2 234 2
2 235 10
2 236 2
2 237 8
2 238 4
2 239 4
2 240 1
2 241 1
2 242 5
2 243 7
2 244 6
2 245 7
2 246 3
2 247 4
2 248 2
2 249 1
2 250 7
2 252 7
2 253 6
2 254 3
2 255 1
2 256 2
2 257 10
2 258 10
2 259 2
2 260 5
2 261 8
2 262 3
2 263 6
2 264 9
2 265 3
2 266 1
2 267 10
2 268 10
2 269 8
2 270 4
2 271 10
2 272 9
2 273 5
2 274 5
2 275 9
2 276 6
2 277 5
2 278 9
2 279 1
2 280 3
2 281 3
2 282 1
