2 201 4
2 202 3
2 203 4
2 204 7
2 205 2
2 206 2
2 207 10
2 208 5
2 209 6
2 211 5
2 212 6
2 213 2
2 214 3
2 215 10
2 217 8
2 218 8
2 219 3
2 220 10
2 221 3
2 223 9
2 224 5
2 225 4
2 226 4
2 228 4
2 229 5
2 231 1
2 232 7
2 233 2
2 234 5
2 235 1
2 236 9
2 237 4
2 238 6
2 239 6
2 240 5
2 241 2
2 242 4
2 243 3
2 244 5
2 245 8
2 246 6
2 247 7
2 248 2
2 249 4
2 250 9
2 251 4
2 252 5
2 253 2
2 254 7
2 255 2
2 256 7
2 257 2
2 259 10
2 260 1
2 261 10
2 262 7
2 263 7
2 264 6
2 266 5
2 268 6
2 269 8
2 270 1
2 273 2
2 274 10
2 275 4
2 276 1
2 277 10
2 278 5
2 279 10
2 280 8
2 281 4
2 282 10
