3 301 6
3 302 6
3 303 7
3 304 6
3 305 9
3 306 6
3 307 3
3 308 10
3 309 2
3 310 5
3 311 2
3 312 2
3 313 3
3 314 1
3 315 4
3 316 6
3 317 6
3 318 9
3 319 3
3 320 4
3 321 3
3 322 5
3 323 10
3 324 9
3 325 1
3 326 4
3 327 3
3 328 5
3 329 4
3 330 6
3 331 5
3 332 6
3 333 1
3 334 4
3 335 10
3 336 7
3 337 9
3 338 6
3 340 2
3 341 10
3 342 10
3 343 7
3 344 5
3 346 3
3 347 3
3 348 9
3 349 4
3 350 3
3 351 2
3 352 5
3 353 6
3 354 5
3 355 2
3 356 9
3 357 3
3 358 1
3 359 5
3 360 2
3 361 4
3 362 6
3 363 1
3 364 7
3 365 10
3 366 10
3 367 5
3 368 10
3 369 3
3 370 5
3 371 1
3 372 5
3 373 10
3 374 9
3 375 5
3 376 5
3 377 6
3 378 2
3 379 4
3 380 7
3 382 6
3 383 6
3 384 5
3 385 4
3 386 3
3 387 10
3 388 5
