4 401 7
4 402 9
4 403 4
4 405 6
4 406 10
4 407 6
4 408 8
4 409 10
4 410 8
4 411 6
4 412 3
4 413 7
4 414 3
4 416 5
4 417 7
4 418 8
4 419 5
4 420 10
4 421 5
4 422 3
4 423 1
4 424 3
4 425 2
4 426 8
4 427 6
4 429 7
4 430 1
4 431 8
4 433 4
4 434 1
4 435 4
4 436 6
4 437 4
4 438 8
4 439 9
4 440 10
4 441 10
4 442 10
4 443 5
4 446 6
4 447 9
4 448 1
4 449 8
4 450 2
4 451 5
4 454 6
4 455 2
4 456 8
4 457 9
4 458 4
4 459 6
4 461 10
4 462 4
4 463 9
4 464 7
4 465 8
4 466 8
4 467 6
4 468 4
4 469 1
4 470 3
4 471 3
4 472 1
4 473 4
4 474 6
4 476 5
4 478 7
4 479 7
4 480 5
4 481 4
4 482 3
4 483 6
4 484 6
4 485 3
4 487 9
4 488 6
4 489 3
4 490 8
4 491 2
