2 201 1
2 202 8
2 203 3
2 204 6
2 205 9
2 206 9
2 207 3
2 208 2
2 209 8
2 210 2
2 211 7
2 212 2
2 213 3
2 214 10
2 215 2
2 216 7
2 218 2
2 219 5
2 220 6
2 221 9
2 222 7
2 223 7
2 224 4
2 225 1
2 226 10
2 227 9
2 228 5
2 229 9
2 230 5
2 231 7
2 232 10
2 233 10
2 235 3
2 236 8
2 237 2
2 238 3
2 239 9
2 240 3
2 241 1
2 242 8
2 243 2
2 244 10
2 245 1
2 246 6
2 247 5
2 248 7
2 249 3
2 250 1
2 251 6
2 252 3
2 253 7
2 254 6
2 255 8
2 256 1
2 257 7
2 258 1
2 259 3
2 260 9
2 261 1
2 262 4
2 263 1
2 264 1
2 265 1
2 267 8
2 268 1
2 269 2
2 270 3
2 271 8
2 272 1
2 273 8
2 274 3
2 275 2
2 276 5
2 277 5
2 278 10
2 279 4
2 280 2
2 281 1
2 282 2
