2 201 5
2 202 5
2 203 3
2 204 3
2 205 8
2 206 7
2 207 4
2 208 10
2 209 8
2 210 4
2 212 6
2 213 8
2 214 10
2 215 9
2 216 10
2 217 8
2 219 2
2 220 8
2 221 9
2 222 3
2 223 9
2 224 3
2 225 5
2 226 1
2 227 1
2 228 10
2 229 5
2 230 8
2 231 6
2 232 4
2 233 9
2 234 1
2 235 9
2 236 6
2 237 6
2 238 6
2 239 5
2 240 9
2 241 7
2 242 5
2 243 9
2 244 6
2 245 5
2 246 9
2 247 10
2 248 4
2 249 6
2 250 9
2 251 7
2 252 10
2 253 10
2 254 2
2 255 8
2 257 9
2 258 4
2 259 1
2 260 8
2 262 5
2 263 1
2 264 5
2 265 4
2 266 5
2 267 8
2 268 10
2 269 2
2 270 8
2 271 3
2 273 1
2 274 7
2 275 2
2 276 9
2 277 1
2 278 8
2 279 5
2 280 4
2 281 8
