5 501 2
5 503 8
5 504 5
5 506 8
5 507 6
5 510 1
5 511 9
5 512 10
5 514 7
5 515 2
5 516 2
5 517 10
5 518 9
5 520 1
5 523 8
5 525 4
5 526 2
5 527 7
5 528 7
5 529 6
5 530 3
5 531 1
5 532 3
5 533 6
5 534 3
5 535 9
5 536 5
5 537 1
5 538 7
5 539 9
5 540 1
5 541 7
5 542 1
5 543 8
5 544 9
5 545 9
5 546 3
5 547 6
5 548 2
5 549 3
5 550 2
5 551 7
5 552 10
5 553 2
5 554 2
5 556 1
5 557 6
5 558 10
5 559 9
5 561 8
5 562 9
5 563 2
5 564 7
5 565 5
5 566 8
5 567 10
5 568 5
5 569 7
5 570 9
5 571 10
5 572 5
5 573 6
5 574 10
5 576 9
5 577 5
5 578 9
5 579 4
5 580 1
5 581 2
5 582 8
5 583 10
5 584 8
5 585 10
5 586 7
5 587 4
5 588 4
5 589 1
