2 201 10
2 202 3
2 203 8
2 204 5
2 206 4
2 207 7
2 208 1
2 209 7
2 210 9
2 211 7
2 212 9
2 213 10
2 214 9
2 215 2
2 216 3
2 217 4
2 218 5
2 219 4
2 220 1
2 221 6
2 222 10
2 223 1
2 225 8
2 226 9
2 227 5
2 228 9
2 229 6
2 230 10
2 231 9
2 232 10
2 233 9
2 234 5
2 235 5
2 236 6
2 237 1
2 238 1
2 239 9
2 240 2
2 241 1
2 242 6
2 243 1
2 244 2
2 245 4
2 246 5
2 247 6
2 248 10
2 249 8
2 250 5
2 251 9
2 252 2
2 253 7
2 254 8
2 255 8
2 256 6
2 257 4
2 258 6
2 259 6
2 260 10
2 261 5
2 262 4
2 263 7
2 265 4
2 267 10
2 268 3
2 269 2
2 270 8
2 271 6
2 272 6
2 273 2
2 274 8
2 276 2
2 278 7
2 279 2
2 280 1
2 281 10
2 282 5
