5 501 7
5 502 3
5 503 4
5 504 7
5 505 8
5 506 6
5 507 4
5 508 1
5 509 9
5 510 2
5 511 10
5 512 5
5 513 9
5 514 9
5 515 5
5 516 3
5 517 5
5 519 10
5 520 4
5 521 1
5 522 6
5 523 4
5 524 5
5 525 4
5 526 8
5 527 3
5 528 5
5 529 10
5 531 10
5 532 6
5 533 10
5 534 2
5 535 3
5 537 10
5 538 2
5 539 1
5 540 2
5 541 9
5 542 8
5 544 7
5 545 2
5 546 9
5 547 6
5 548 6
5 549 9
5 551 8
5 553 3
5 554 5
5 555 1
5 556 1
5 557 7
5 558 5
5 559 6
5 560 4
5 561 7
5 562 1
5 563 8
5 565 9
5 566 4
5 567 5
5 568 4
5 569 8
5 570 1
5 571 2
5 572 2
5 573 10
5 574 5
5 575 4
5 576 2
5 577 7
5 578 2
5 579 7
5 580 4
5 581 10
5 582 1
5 583 1
5 584 1
5 585 10
5 586 2
5 587 2
5 588 6
5 589 3
