1 101 3
1 103 7
1 104 7
1 106 2
1 107 1
1 108 9
1 109 4
1 110 9
1 111 7
1 112 9
1 113 7
1 114 10
1 115 9
1 116 6
1 117 3
1 118 2
1 120 2
1 121 10
1 123 6
1 124 4
1 125 7
1 126 3
1 127 10
1 129 2
1 130 8
1 131 7
1 132 2
1 133 6
1 134 2
1 135 6
1 136 8
1 137 3
1 138 10
1 140 10
1 141 3
1 142 4
1 143 1
1 144 4
1 145 4
1 146 9
1 147 9
1 148 5
1 149 9
1 150 1
1 151 2
1 152 6
1 153 5
1 154 7
1 155 7
1 156 9
1 157 1
1 158 3
1 159 5
1 160 9
1 161 7
1 162 7
1 163 8
1 164 2
1 165 1
1 166 5
1 167 4
1 168 5
1 170 6
1 171 10
1 173 1
1 174 7
1 175 9
1 176 5
1 178 8
1 179 2
1 180 8
1 181 7
1 182 1
1 183 3
1 184 2
1 186 9
1 187 9
1 188 2
1 189 9
1 190 4
1 191 6
1 192 2
1 193 5
1 194 3
