3 301 3
3 302 6
3 303 2
3 304 10
3 305 3
3 306 1
3 308 5
3 310 6
3 311 8
3 312 6
3 313 4
3 314 2
3 315 5
3 316 7
3 317 4
3 318 9
3 319 3
3 320 4
3 321 10
3 322 5
3 323 4
3 324 2
3 325 2
3 326 8
3 327 4
3 328 7
3 329 7
3 330 2
3 331 6
3 332 1
3 333 3
3 334 7
3 335 8
3 336 10
3 337 8
3 338 5
3 339 2
3 340 1
3 341 5
3 342 10
3 343 2
3 345 6
3 346 7
3 347 2
3 349 1
3 350 3
3 351 3
3 352 4
3 353 5
3 354 2
3 355 5
3 356 7
3 357 2
3 358 9
3 359 9
3 360 8
3 361 5
3 362 1
3 363 1
3 364 8
3 367 10
3 368 4
3 369 9
3 370 8
3 371 10
3 372 2
3 373 1
3 374 5
3 375 1
3 376 5
3 377 7
3 378 6
3 379 1
3 380 8
3 381 9
3 382 3
3 383 10
3 384 10
3 385 8
3 386 1
3 387 7
3 388 3
