1 101 8
1 102 1
1 103 5
1 104 7
1 105 5
1 106 7
1 107 5
1 108 3
1 109 7
1 110 3
1 113 3
1 114 6
1 115 9
1 116 5
1 117 4
1 119 5
1 120 5
1 121 2
1 122 9
1 123 8
1 124 4
1 126 2
1 127 4
1 128 1
1 129 9
1 130 7
1 131 5
1 132 4
1 133 5
1 134 8
1 135 1
1 136 6
1 137 10
1 139 1
1 140 4
1 142 4
1 145 1
1 146 2
1 147 3
1 148 4
1 150 6
1 151 7
1 152 6
1 153 5
1 154 4
1 156 4
1 157 4
1 158 5
1 159 2
1 160 4
1 161 7
1 163 8
1 164 10
1 165 1
1 166 2
1 167 7
1 168 7
1 169 10
1 170 3
1 171 2
1 172 3
1 173 3
1 174 7
1 175 5
1 176 3
1 177 9
1 178 2
1 179 6
1 180 7
1 181 9
1 182 3
1 183 5
1 185 6
1 186 7
1 188 2
1 189 3
1 190 2
1 191 3
1 192 1
1 193 10
1 194 3
