2 201 4
2 203 10
2 205 7
2 206 3
2 207 1
2 208 6
2 209 10
2 210 4
2 211 3
2 214 10
2 216 8
2 217 2
2 218 9
2 219 5
2 220 6
2 221 2
2 222 5
2 223 10
2 225 1
2 226 1
2 227 1
2 228 2
2 229 7
2 230 4
2 231 5
2 233 2
2 235 9
2 236 3
2 237 5
2 238 7
2 239 6
2 240 9
2 241 10
2 242 2
2 243 7
2 246 6
2 247 8
2 248 9
2 249 1
2 250 3
2 252 7
2 253 2
2 254 8
2 256 4
2 257 10
2 258 10
2 259 4
2 260 8
2 261 9
2 262 10
2 263 4
2 266 5
2 267 1
2 268 6
2 269 8
2 270 3
2 271 6
2 272 8
2 273 7
2 274 6
2 275 5
2 276 8
2 277 8
2 278 1
2 279 1
2 280 10
2 282 10
