5 501 9
5 502 1
5 503 4
5 505 10
5 506 3
5 507 1
5 509 10
5 510 6
5 512 8
5 515 6
5 516 1
5 517 2
5 518 9
5 519 2
5 520 6
5 521 7
5 522 2
5 523 2
5 524 6
5 525 6
5 526 10
5 528 8
5 529 7
5 530 2
5 531 6
5 532 8
5 533 4
5 534 2
5 535 10
5 536 8
5 537 5
5 539 6
5 540 5
5 541 9
5 543 8
5 544 10
5 545 10
5 546 1
5 548 7
5 549 4
5 550 3
5 551 2
5 552 7
5 553 4
5 554 6
5 555 9
5 556 5
5 557 4
5 558 6
5 560 5
5 561 4
5 562 4
5 563 6
5 564 5
5 565 8
5 566 3
5 567 10
5 568 3
5 569 2
5 570 7
5 571 10
5 572 1
5 573 10
5 574 2
5 575 2
5 576 4
5 577 9
5 578 6
5 579 1
5 580 1
5 581 9
5 582 6
5 583 6
5 584 1
5 585 4
5 586 9
5 587 8
5 588 3
