1 104 7
1 105 5
1 106 4
1 107 6
1 108 6
1 109 5
1 110 5
1 112 9
1 113 5
1 114 8
1 115 5
1 117 3
1 118 3
1 119 3
1 120 2
1 121 5
1 122 6
1 123 4
1 124 2
1 125 6
1 126 9
1 127 3
1 128 4
1 129 5
1 130 3
1 131 7
1 132 3
1 133 9
1 134 7
1 135 6
1 137 10
1 138 4
1 139 4
1 140 9
1 141 1
1 142 9
1 143 7
1 144 6
1 145 7
1 146 10
1 147 1
1 148 7
1 149 8
1 150 1
1 151 4
1 152 8
1 153 2
1 154 9
1 155 5
1 157 2
1 158 4
1 159 3
1 161 1
1 162 7
1 163 5
1 164 10
1 165 2
1 166 3
1 167 7
1 168 2
1 169 4
1 170 1
1 171 6
1 172 6
1 173 10
1 176 1
1 177 8
1 179 9
1 180 8
1 181 1
1 182 7
1 183 9
1 184 2
1 185 8
1 187 9
1 189 6
1 190 8
1 191 6
1 192 7
