5 501 10
5 502 8
5 503 5
5 504 2
5 505 1
5 506 5
5 507 2
5 508 4
5 509 2
5 510 9
5 511 3
5 512 6
5 513 2
5 514 9
5 515 6
5 516 3
5 517 4
5 518 1
5 519 6
5 520 8
5 521 3
5 522 7
5 523 10
5 524 7
5 525 1
5 526 7
5 527 6
5 528 6
5 530 1
5 532 7
5 533 3
5 534 5
5 535 4
5 536 8
5 537 2
5 538 7
5 539 4
5 540 1
5 541 10
5 542 9
5 543 4
5 544 4
5 545 9
5 546 7
5 547 1
5 548 3
5 549 10
5 551 1
5 552 7
5 553 3
5 554 4
5 555 10
5 556 2
5 557 10
5 558 1
5 559 10
5 560 1
5 561 3
5 562 1
5 563 5
5 564 6
5 565 6
5 566 9
5 567 3
5 568 9
5 569 4
5 570 8
5 571 8
5 573 6
5 574 10
5 575 7
5 576 6
5 577 6
5 578 1
5 579 4
5 580 10
5 581 5
5 582 1
5 583 7
5 584 10
5 585 6
5 586 1
5 587 10
5 588 4
5 589 9
