5 501 1
5 502 9
5 503 5
5 504 3
5 505 2
5 506 5
5 507 4
5 508 5
5 509 6
5 510 9
5 511 9
5 512 4
5 513 2
5 514 5
5 515 2
5 517 2
5 518 1
5 520 8
5 521 6
5 522 10
5 523 8
5 524 1
5 525 4
5 526 1
5 529 1
5 530 4
5 531 6
5 532 2
5 533 10
5 535 7
5 536 7
5 537 10
5 538 10
5 539 2
5 540 1
5 541 6
5 542 10
5 543 1
5 544 10
5 545 1
5 546 4
5 547 8
5 548 6
5 549 4
5 550 1
5 551 8
5 552 3
5 553 4
5 554 10
5 555 7
5 556 10
5 557 6
5 558 1
5 559 1
5 561 8
5 562 8
5 563 9
5 564 9
5 565 2
5 566 1
5 567 4
5 568 6
5 569 10
5 572 2
5 573 3
5 574 5
5 575 9
5 576 4
5 577 2
5 579 1
5 581 5
5 582 2
5 583 7
5 584 9
5 585 3
5 586 4
5 587 9
5 588 5
5 589 2
