1 101 4
1 102 10
1 103 10
1 104 7
1 105 4
1 106 5
1 107 8
1 108 1
1 109 10
1 110 7
1 111 10
1 112 7
1 114 2
1 115 9
1 116 8
1 117 5
1 118 6
1 119 3
1 120 4
1 121 3
1 122 5
1 123 5
1 125 1
1 126 1
1 128 8
1 129 1
1 130 7
1 131 9
1 132 7
1 133 1
1 134 7
1 135 4
1 136 2
1 137 4
1 138 8
1 139 2
1 140 4
1 141 5
1 142 6
1 143 1
1 144 1
1 145 5
1 147 2
1 148 2
1 149 8
1 150 1
1 151 1
1 153 7
1 154 5
1 155 8
1 156 10
1 157 1
1 158 5
1 159 1
1 160 2
1 161 9
1 162 2
1 163 8
1 164 3
1 165 6
1 166 1
1 167 9
1 168 3
1 169 7
1 170 9
1 171 1
1 173 6
1 174 7
1 175 6
1 176 3
1 177 3
1 178 10
1 179 3
1 180 8
1 181 6
1 182 9
1 183 5
1 185 7
1 186 6
1 187 2
1 189 4
1 190 4
1 191 6
1 192 6
1 193 1
1 194 5
