4 401 8
4 402 1
4 403 8
4 404 3
4 405 1
4 406 1
4 407 6
4 408 4
4 409 8
4 410 7
4 411 5
4 412 3
4 413 5
4 414 5
4 415 2
4 416 9
4 417 8
4 418 10
4 420 10
4 421 1
4 422 3
4 423 8
4 424 3
4 425 10
4 426 4
4 428 10
4 429 5
4 430 8
4 431 8
4 432 1
4 435 7
4 436 1
4 437 5
4 440 7
4 441 3
4 442 7
4 443 1
4 444 4
4 445 4
4 446 6
4 447 6
4 448 3
4 449 9
4 450 1
4 451 10
4 452 10
4 453 10
4 454 2
4 455 6
4 456 2
4 457 8
4 458 2
4 459 7
4 460 8
4 461 8
4 462 3
4 463 4
4 464 4
4 465 7
4 466 9
4 467 6
4 469 7
4 470 8
4 471 3
4 472 2
4 473 9
4 474 7
4 475 10
4 476 9
4 477 6
4 478 1
4 479 8
4 480 10
4 481 7
4 482 3
4 483 6
4 484 10
4 485 6
4 486 9
4 489 1
4 490 7
4 491 9
