3 301 3
3 303 3
3 304 1
3 305 5
3 306 10
3 307 4
3 308 8
3 309 9
3 310 6
3 311 2
3 312 1
3 313 2
3 314 9
3 315 2
3 316 6
3 317 3
3 318 1
3 319 5
3 320 6
3 321 2
3 322 3
3 323 8
3 324 4
3 325 3
3 326 10
3 327 7
3 328 5
3 329 8
3 330 4
3 331 4
3 332 8
3 333 5
3 334 2
3 335 2
3 336 6
3 337 10
3 338 6
3 339 3
3 340 6
3 341 6
3 342 6
3 344 2
3 345 8
3 346 6
3 347 1
3 348 1
3 349 8
3 350 4
3 351 1
3 352 1
3 353 10
3 354 1
3 355 3
3 356 2
3 358 1
3 359 3
3 361 4
3 362 2
3 364 6
3 365 7
3 366 6
3 367 9
3 368 7
3 369 6
3 370 9
3 371 4
3 372 7
3 373 10
3 374 1
3 375 10
3 376 1
3 377 6
3 378 10
3 379 3
3 380 3
3 381 9
3 382 6
3 383 7
3 384 2
3 385 4
3 387 7
3 388 3
