5 502 9
5 503 1
5 504 2
5 505 9
5 506 1
5 507 6
5 508 6
5 509 2
5 510 3
5 511 7
5 512 3
5 513 10
5 515 9
5 516 1
5 517 1
5 518 2
5 519 1
5 521 9
5 522 1
5 523 4
5 524 4
5 525 5
5 526 5
5 528 9
5 529 4
5 530 3
5 532 8
5 533 2
5 534 6
5 535 3
5 536 1
5 537 8
5 538 3
5 539 2
5 540 2
5 541 8
5 542 10
5 543 10
5 545 5
5 546 9
5 547 6
5 548 5
5 549 4
5 550 9
5 551 7
5 552 3
5 553 8
5 554 4
5 555 8
5 556 10
5 557 7
5 558 4
5 559 2
5 560 3
5 561 2
5 562 3
5 563 9
5 565 9
5 566 2
5 568 5
5 569 4
5 570 6
5 571 5
5 572 5
5 573 10
5 574 4
5 575 6
5 576 10
5 577 2
5 578 5
5 579 9
5 580 8
5 581 8
5 582 7
5 583 4
5 584 2
5 585 10
5 586 3
5 587 2
5 588 5
5 589 6
