2 201 5
2 202 6
2 203 9
2 205 7
2 206 6
2 207 9
2 208 6
2 209 8
2 211 4
2 212 6
2 213 4
2 214 6
2 217 6
2 218 7
2 219 5
2 220 10
2 221 1
2 222 10
2 224 3
2 225 5
2 226 4
2 227 7
2 228 10
2 229 1
2 231 10
2 232 4
2 233 9
2 234 9
2 235 1
2 236 6
2 237 7
2 238 1
2 239 7
2 240 7
2 241 1
2 242 3
2 243 6
2 244 3
2 248 1
2 249 4
2 250 2
2 251 7
2 252 10
2 253 3
2 254 4
2 255 10
2 256 5
2 257 2
2 258 7
2 259 1
2 260 5
2 261 6
2 262 6
2 263 7
2 264 1
2 265 10
2 267 6
2 268 6
2 269 10
2 270 10
2 271 1
2 272 10
2 273 10
2 274 4
2 275 9
2 276 7
2 277 2
2 278 8
2 279 8
2 280 3
2 281 7
2 282 10
