4 401 1
4 402 10
4 403 10
4 404 3
4 405 5
4 406 2
4 407 4
4 408 4
4 409 10
4 411 8
4 412 7
4 413 4
4 414 7
4 415 4
4 416 7
4 417 10
4 418 10
4 419 1
4 420 1
4 421 6
4 422 2
4 423 3
4 424 6
4 425 7
4 426 4
4 427 6
4 428 1
4 429 9
4 430 9
4 431 10
4 433 9
4 434 10
4 435 9
4 436 3
4 437 10
4 439 3
4 440 4
4 442 8
4 443 10
4 444 8
4 445 1
4 446 6
4 447 2
4 448 2
4 450 7
4 451 10
4 452 3
4 454 1
4 455 10
4 456 6
4 457 5
4 458 5
4 459 9
4 461 1
4 462 3
4 463 2
4 464 7
4 465 8
4 467 3
4 469 9
4 470 10
4 471 3
4 472 4
4 473 5
4 474 1
4 475 8
4 476 5
4 477 3
4 478 7
4 480 8
4 481 4
4 482 5
4 483 1
4 484 1
4 486 4
4 487 3
4 488 7
4 489 5
4 490 3
4 491 7
