1 101 8
1 102 10
1 103 7
1 104 3
1 105 9
1 106 2
1 107 10
1 108 5
1 109 7
1 110 2
1 111 9
1 112 6
1 113 10
1 115 5
1 116 5
1 117 6
1 118 6
1 119 3
1 120 6
1 121 5
1 122 3
1 123 7
1 124 9
1 125 2
1 126 3
1 127 10
1 128 4
1 129 6
1 130 8
1 131 1
1 133 6
1 134 7
1 136 7
1 138 10
1 139 1
1 140 1
1 141 7
1 142 8
1 143 3
1 144 4
1 146 2
1 147 8
1 149 3
1 151 9
1 152 7
1 153 10
1 155 7
1 156 7
1 157 1
1 159 4
1 161 10
1 162 2
1 164 7
1 165 8
1 166 4
1 167 10
1 168 6
1 169 1
1 170 6
1 171 10
1 172 2
1 173 9
1 174 5
1 175 7
1 177 10
1 178 5
1 179 1
1 180 3
1 181 4
1 182 1
1 183 6
1 184 10
1 185 4
1 186 8
1 187 1
1 189 10
1 190 9
1 191 1
1 192 6
1 194 1
