5 501 2
5 502 2
5 503 4
5 504 5
5 505 7
5 506 10
5 507 6
5 508 1
5 509 6
5 510 9
5 511 5
5 512 3
5 513 7
5 514 7
5 515 3
5 516 6
5 517 8
5 518 4
5 519 8
5 520 9
5 521 2
5 522 9
5 523 7
5 524 3
5 525 7
5 526 10
5 527 3
5 528 6
5 529 2
5 530 9
5 531 2
5 533 8
5 534 6
5 535 8
5 536 8
5 537 4
5 538 1
5 539 4
5 540 10
5 541 6
5 542 2
5 543 10
5 544 1
5 545 3
5 546 7
5 550 9
5 551 1
5 552 7
5 553 6
5 554 3
5 555 10
5 556 3
5 557 8
5 558 3
5 559 10
5 560 3
5 561 5
5 563 2
5 566 9
5 567 10
5 568 9
5 569 6
5 570 10
5 571 7
5 572 6
5 573 10
5 574 5
5 576 3
5 577 1
5 578 2
5 579 7
5 580 1
5 581 1
5 582 9
5 583 6
5 584 5
5 585 4
5 586 4
5 587 4
5 588 4
5 589 9
