3 301 2
3 302 3
3 303 1
3 304 7
3 305 9
3 306 3
3 307 4
3 308 1
3 309 8
3 310 10
3 314 3
3 315 2
3 316 7
3 317 1
3 319 9
3 320 6
3 321 5
3 322 8
3 324 1
3 325 10
3 326 3
3 327 10
3 329 7
3 330 1
3 331 3
3 332 1
3 333 5
3 335 5
3 336 6
3 337 7
3 338 3
3 339 3
3 340 10
3 341 9
3 342 5
3 343 1
3 344 2
3 345 10
3 346 5
3 347 6
3 348 9
3 349 4
3 350 10
3 351 3
3 352 10
3 353 2
3 354 6
3 355 5
3 356 7
3 357 2
3 358 8
3 360 9
3 361 4
3 362 9
3 363 6
3 364 2
3 365 7
3 366 3
3 367 4
3 368 7
3 369 3
3 370 10
3 371 4
3 372 1
3 373 4
3 374 3
3 375 9
3 376 5
3 378 10
3 379 10
3 380 5
3 381 4
3 382 3
3 383 9
3 385 2
3 386 9
3 388 10
