5 501 4
5 502 2
5 503 1
5 504 3
5 505 4
5 506 9
5 507 10
5 508 1
5 509 10
5 510 9
5 511 1
5 512 5
5 513 8
5 514 3
5 515 6
5 516 5
5 517 1
5 518 8
5 519 10
5 520 7
5 522 5
5 523 5
5 524 9
5 525 3
5 526 8
5 527 8
5 528 1
5 529 5
5 530 10
5 531 1
5 532 2
5 533 10
5 535 9
5 536 4
5 537 7
5 538 5
5 539 8
5 540 7
5 541 4
5 542 6
5 543 10
5 544 8
5 547 4
5 548 7
5 549 10
5 550 7
5 551 10
5 552 8
5 553 5
5 554 8
5 555 5
5 556 4
5 557 1
5 558 1
5 559 3
5 560 4
5 561 2
5 562 7
5 564 8
5 565 4
5 566 6
5 570 5
5 571 10
5 572 6
5 574 2
5 575 3
5 576 6
5 577 1
5 578 10
5 579 5
5 580 9
5 583 3
5 584 1
5 585 5
5 586 4
5 587 2
5 588 3
5 589 10
