3 301 7
3 302 7
3 303 7
3 304 7
3 305 8
3 306 2
3 307 9
3 308 6
3 309 6
3 310 9
3 311 7
3 312 10
3 314 9
3 315 1
3 316 1
3 317 8
3 318 7
3 319 4
3 320 7
3 321 10
3 322 3
3 323 1
3 324 10
3 325 1
3 326 4
3 327 10
3 328 6
3 330 1
3 331 10
3 333 7
3 334 5
3 335 6
3 337 3
3 338 10
3 339 1
3 340 2
3 341 1
3 342 3
3 343 7
3 344 5
3 345 10
3 346 5
3 348 4
3 350 4
3 351 10
3 352 2
3 354 4
3 356 9
3 357 9
3 358 8
3 359 9
3 360 9
3 361 7
3 362 2
3 364 8
3 365 4
3 366 10
3 367 8
3 368 8
3 369 6
3 370 3
3 371 5
3 372 8
3 373 5
3 374 9
3 375 10
3 376 9
3 377 8
3 378 9
3 379 3
3 380 9
3 382 3
3 383 1
3 384 7
3 385 4
3 388 10
