301 3
302 5
303 7
304 8
305 9
306 2
307 7
308 7
309 4
310 1
312 5
313 5
314 1
315 5
316 4
317 10
318 4
319 2
320 4
321 4
322 3
323 3
324 5
325 6
326 9
327 1
328 1
329 6
330 3
331 2
332 9
333 3
334 7
335 3
336 10
337 1
338 8
340 8
341 7
342 8
343 2
344 3
345 4
346 5
347 10
348 2
349 9
350 8
351 8
352 9
353 7
354 4
355 8
356 8
357 4
358 1
359 10
360 8
361 9
362 3
363 2
364 7
365 1
366 10
367 4
369 5
370 4
371 10
372 9
373 3
374 10
375 4
377 9
378 7
379 9
380 10
381 4
382 1
