202 5
203 9
204 2
205 4
206 3
207 5
209 10
210 3
211 4
212 8
213 5
214 6
215 4
216 2
218 2
219 5
220 8
222 1
223 4
224 4
226 3
227 4
228 7
229 2
231 9
232 2
233 8
234 2
235 5
236 7
237 10
238 10
239 2
240 4
241 8
243 8
244 1
245 9
246 4
247 1
248 9
249 7
250 9
251 4
252 9
253 2
254 9
255 9
256 3
257 3
258 9
260 8
261 10
262 2
263 1
264 8
265 7
266 1
267 9
268 10
269 9
270 1
271 9
272 6
274 4
275 3
276 4
277 4
278 9
279 3
280 4
281 6
282 9
283 8
284 2
285 10
286 7
287 8
288 5
289 7
290 5
291 3
292 3
293 9
294 1
