401 3
402 2
403 8
404 9
405 8
406 8
407 4
408 3
409 2
410 1
411 6
412 6
413 1
414 9
416 2
417 4
418 4
420 2
421 6
422 6
423 4
425 8
426 4
427 5
428 3
429 3
431 8
432 10
433 9
434 2
435 6
438 5
439 7
440 8
441 2
442 3
443 6
444 9
445 9
446 8
447 1
448 1
449 6
450 5
451 4
452 5
453 8
454 8
455 6
456 10
457 7
458 3
459 9
460 10
461 3
462 8
463 3
465 5
466 1
467 4
468 4
469 1
470 2
471 7
472 7
473 8
474 1
475 9
476 5
477 1
478 1
479 6
480 10
481 1
