401 3
403 10
404 9
405 6
407 1
408 9
409 4
410 5
411 1
412 4
413 10
414 4
415 9
416 10
417 9
418 9
419 7
420 3
421 8
422 3
423 3
424 6
425 10
426 2
427 1
428 7
430 10
431 2
432 8
433 5
434 4
435 1
436 4
438 5
439 3
440 1
441 9
442 10
443 9
444 4
445 8
446 1
447 8
449 4
450 5
451 4
452 9
453 6
455 8
456 10
457 6
458 6
459 1
460 8
461 1
462 4
463 7
464 7
465 2
466 3
467 3
468 1
469 5
471 6
473 10
474 10
475 10
476 5
477 6
478 5
479 7
480 6
481 6
