101 8
102 5
103 8
104 9
105 8
106 2
107 4
108 7
109 4
110 5
111 8
112 2
113 8
114 9
115 10
116 7
117 4
118 2
119 1
120 3
121 8
122 8
123 10
124 9
125 3
126 4
127 1
128 2
129 1
130 10
131 3
132 2
133 2
134 3
135 6
136 4
138 3
139 6
140 10
142 5
144 6
145 5
146 7
147 9
148 2
149 6
150 9
151 6
152 7
153 5
154 3
155 3
156 9
157 1
158 9
159 3
161 6
162 2
163 10
164 5
165 10
166 1
167 10
168 7
170 7
171 9
172 10
173 7
174 7
176 10
177 5
178 2
179 6
180 9
181 6
182 10
183 3
185 3
