201 2
202 10
203 5
204 4
205 1
206 10
207 6
208 9
209 3
210 3
211 4
212 1
213 8
214 2
215 8
216 8
217 10
218 1
219 2
220 3
221 2
222 8
223 1
224 4
226 7
227 7
228 6
229 8
230 8
231 4
232 4
233 9
234 9
235 7
237 4
239 10
240 7
241 2
242 5
243 1
244 1
245 8
246 6
247 5
248 2
249 1
250 1
251 9
252 1
253 3
254 3
256 10
257 8
258 1
259 1
261 5
263 6
265 6
266 8
267 5
268 5
269 8
270 3
271 9
272 5
274 1
275 5
276 6
277 8
278 1
279 1
280 7
281 2
282 8
283 7
285 1
286 7
287 1
288 7
289 4
290 3
291 10
292 4
293 4
294 7
