502 10
503 1
504 3
505 5
506 6
507 9
509 6
510 8
511 2
512 7
513 8
514 1
515 4
516 9
517 9
518 9
519 9
520 7
522 7
523 9
524 6
525 10
526 2
528 1
529 4
530 2
531 7
532 10
533 10
534 4
535 6
536 8
537 8
538 10
539 9
540 1
541 7
542 3
543 5
544 3
546 2
547 7
549 10
550 6
551 8
552 2
553 2
554 1
555 10
556 10
557 2
558 7
559 1
560 9
561 3
562 1
563 8
564 5
565 9
566 10
567 2
568 3
569 7
570 6
571 3
572 4
573 5
574 10
575 2
576 10
577 9
579 3
580 3
582 8
583 9
584 4
586 5
587 10
588 8
