501 7
502 5
503 6
504 3
506 8
508 8
510 4
511 6
512 6
513 5
514 5
515 10
516 3
518 8
519 2
520 4
521 1
522 4
523 4
524 6
525 5
526 4
527 8
528 2
529 3
530 3
531 1
532 7
533 4
534 5
535 3
536 1
537 5
538 6
539 6
540 8
541 2
543 2
545 4
546 5
547 3
548 9
549 3
550 3
551 3
552 7
553 5
554 7
556 2
557 3
558 6
559 10
560 5
561 1
562 5
564 6
565 10
566 1
567 4
569 1
570 7
571 3
572 6
573 6
574 9
575 4
576 6
578 5
579 5
580 9
581 4
582 6
583 4
584 8
587 1
588 2
