501 4
502 4
503 3
504 8
506 7
507 4
508 2
509 5
510 10
511 3
512 4
513 9
514 3
515 8
516 9
517 5
518 6
519 8
520 2
521 9
524 8
525 3
526 4
528 3
529 5
530 9
531 7
532 4
533 4
534 3
535 5
536 5
537 5
538 1
540 8
541 4
542 2
543 2
544 7
545 10
546 8
547 9
548 9
549 4
550 1
551 9
552 7
553 5
554 10
555 1
556 5
557 5
559 2
560 1
562 7
563 10
564 5
565 2
566 3
567 8
568 7
569 4
571 2
572 8
573 6
574 4
575 9
576 10
578 1
579 5
580 6
581 6
582 9
583 7
584 1
585 4
586 6
587 4
588 5
