401 10
403 8
404 3
405 10
406 2
407 5
408 1
409 9
410 9
411 4
412 8
413 5
414 4
415 7
416 5
417 5
419 2
420 4
421 1
422 9
423 2
426 2
427 8
428 6
429 7
430 2
431 3
432 9
433 5
434 3
435 4
436 10
437 2
438 4
439 7
440 5
441 4
442 4
443 3
444 8
445 5
446 1
447 5
448 10
449 5
450 5
451 6
454 8
455 2
456 10
457 7
458 5
459 2
460 5
461 6
462 2
463 6
464 10
465 2
466 2
467 6
468 1
470 1
471 6
472 1
473 10
474 8
475 4
477 5
478 4
479 8
480 10
481 6
