201 10
202 5
203 2
204 2
205 4
206 2
207 10
208 3
209 2
210 8
211 6
213 6
214 4
215 1
216 4
217 4
218 5
219 8
220 3
222 10
224 4
225 6
226 9
227 10
228 3
229 8
230 8
231 2
232 4
233 10
234 2
235 8
237 3
238 3
239 8
240 1
241 3
242 8
243 10
244 10
245 7
246 1
247 6
248 3
249 10
250 5
251 6
252 10
253 6
255 2
256 1
257 8
258 8
259 1
260 3
261 5
262 8
263 2
264 8
265 1
266 4
268 3
269 3
270 7
271 5
272 6
273 1
274 2
275 4
277 1
278 8
279 5
280 9
281 7
282 6
283 1
284 7
285 1
286 1
287 6
288 4
289 1
290 7
291 2
292 3
293 4
294 10
