102 9
103 1
104 8
105 6
106 3
107 1
108 6
109 1
110 8
111 9
112 2
113 6
114 4
115 10
118 8
119 7
120 7
121 6
122 2
123 7
124 9
125 7
126 5
127 8
128 9
129 3
130 3
131 4
132 7
133 1
135 3
136 5
137 2
138 1
139 7
141 5
142 10
143 4
144 4
145 10
146 10
147 1
148 8
150 9
151 10
152 9
153 10
154 1
156 10
157 8
158 10
159 10
161 9
162 7
163 6
164 5
165 8
166 10
167 4
168 4
169 8
170 3
171 3
172 9
173 7
174 1
175 2
176 7
177 4
178 10
179 8
180 9
181 10
182 10
183 10
185 3
