201 6
202 1
203 7
204 5
205 1
206 5
207 5
208 8
210 3
211 7
212 1
213 9
214 4
215 7
217 10
218 8
219 8
220 6
221 8
222 5
223 3
224 2
226 8
227 5
228 1
229 8
230 4
231 2
232 3
234 7
235 6
236 7
237 3
238 3
239 5
241 1
242 7
243 4
244 9
245 2
246 7
247 9
248 2
250 1
251 6
252 2
253 10
254 2
255 5
256 8
257 2
258 6
259 3
261 8
262 8
263 6
264 3
265 2
266 3
268 8
269 5
270 8
271 9
272 6
273 5
274 2
275 2
276 7
277 2
278 3
279 4
280 7
281 9
282 2
283 4
284 9
285 5
286 5
287 10
288 1
289 7
290 10
291 1
292 9
293 3
294 2
