101 6
102 10
103 2
104 9
105 8
106 6
107 1
108 9
112 5
113 2
114 8
115 6
116 8
117 2
118 6
119 5
120 3
121 10
122 8
124 10
125 4
126 3
127 4
128 9
129 2
130 8
132 8
133 4
135 7
136 7
137 4
138 2
139 9
140 4
141 3
142 8
143 1
144 2
147 9
148 9
149 8
150 7
151 7
152 7
153 7
154 2
155 8
156 7
157 10
158 5
159 6
160 9
162 8
163 1
164 7
165 6
166 5
167 10
168 7
169 9
170 8
171 6
172 4
173 2
174 9
175 6
176 3
177 4
178 1
179 6
180 3
181 1
182 2
183 7
184 10
185 5
