401 8
402 5
403 3
404 9
405 8
406 5
407 1
408 2
409 6
410 4
411 3
412 3
413 6
414 1
415 5
416 2
417 7
418 3
420 5
421 2
422 2
423 2
424 1
425 5
426 8
427 3
429 5
430 1
431 1
432 7
433 8
435 9
436 4
437 8
438 10
439 5
440 6
441 1
442 7
443 3
444 3
445 6
446 7
447 7
448 8
449 3
451 7
452 2
453 9
454 5
455 2
456 4
457 8
458 8
459 8
460 2
461 2
462 1
463 6
464 2
466 5
467 9
468 9
469 10
470 3
471 10
472 1
473 6
474 1
475 5
476 7
477 3
478 2
479 9
480 5
481 5
