401 1
402 9
403 4
404 10
405 9
406 4
407 8
410 10
411 10
412 6
413 8
414 7
415 8
416 2
417 3
418 7
419 7
420 6
421 3
422 8
423 10
424 3
425 8
426 9
427 5
429 5
430 5
431 4
432 8
433 6
434 6
436 5
437 4
438 8
439 1
440 6
441 5
442 10
443 9
444 2
445 2
446 1
447 9
448 9
449 7
450 8
452 10
453 10
454 2
455 7
456 6
457 7
458 3
460 9
461 4
462 4
463 10
464 8
466 8
467 9
468 7
469 4
470 5
471 1
472 10
473 4
474 8
476 7
477 2
478 10
479 7
480 2
481 2
