401 4
402 10
403 2
404 4
405 6
406 8
407 10
408 4
409 8
411 9
412 8
413 4
414 10
415 2
416 10
418 10
419 5
420 10
421 2
422 4
423 1
424 10
427 5
428 4
429 1
430 9
431 5
432 5
433 10
434 2
435 1
436 10
438 1
439 1
440 3
441 5
442 7
443 6
444 10
445 1
446 7
447 5
448 10
449 3
450 5
451 9
452 3
453 10
455 2
456 8
457 2
458 6
459 10
460 8
461 4
462 10
463 3
464 7
465 5
466 5
467 4
468 9
469 9
471 7
472 7
473 3
474 9
475 5
476 4
477 8
478 6
479 6
480 1
481 1
