302 5
303 1
304 4
305 7
306 2
308 10
309 6
310 9
311 6
312 2
313 10
314 5
315 2
316 6
317 8
318 1
319 1
320 9
321 6
322 5
323 1
324 9
325 6
326 2
327 9
328 4
329 10
330 1
331 9
332 6
333 10
334 5
335 7
336 9
337 1
338 2
339 4
340 3
341 4
343 5
344 8
345 5
346 4
348 2
350 2
351 6
352 8
353 10
354 10
355 2
356 9
357 5
358 6
359 6
360 6
361 4
362 1
363 8
365 8
366 1
367 9
369 5
370 6
371 3
372 10
373 4
374 3
375 1
376 2
377 6
378 9
379 3
380 3
381 1
382 6
