101 7
102 6
103 7
104 7
105 9
106 10
107 10
108 9
109 3
110 8
111 5
112 2
113 8
114 5
116 7
117 7
118 2
119 1
120 5
121 7
122 1
123 8
124 2
125 8
126 10
127 9
128 6
130 6
132 6
133 6
134 10
135 3
136 3
137 4
138 3
139 9
141 4
142 6
143 10
144 10
145 8
147 2
148 1
149 10
150 5
151 1
152 7
153 5
154 7
155 2
156 8
157 8
158 3
159 3
160 10
161 7
162 4
163 5
164 5
165 7
166 4
167 4
168 5
169 9
171 1
172 2
173 7
174 6
175 7
176 6
177 5
178 7
181 7
182 8
183 6
184 10
185 3
