501 5
502 4
503 4
504 4
505 5
506 10
507 3
508 6
509 1
511 8
512 6
513 9
514 3
515 9
516 4
517 5
518 4
519 7
520 8
521 9
522 1
523 4
524 2
525 5
526 7
527 3
528 5
529 9
530 10
531 9
533 6
534 10
535 10
536 10
537 8
538 3
539 6
540 10
541 8
542 5
544 1
545 4
546 1
547 10
548 6
549 4
550 9
551 9
553 1
554 1
555 1
556 9
557 5
558 6
559 1
560 9
561 3
562 10
563 9
564 6
565 5
566 2
567 9
568 10
569 9
570 1
571 4
572 4
573 8
574 1
575 6
576 6
577 4
578 7
579 10
580 6
581 3
582 2
584 9
585 3
586 4
587 1
588 1
