301 1
302 2
303 9
304 9
305 3
306 7
307 8
308 3
309 7
310 10
311 4
312 6
314 2
315 3
317 4
318 7
319 1
320 7
321 5
323 10
324 4
325 4
326 2
327 2
328 5
329 5
330 5
331 5
332 2
333 2
334 4
335 6
336 3
338 6
339 2
340 3
341 3
342 1
343 1
344 6
345 8
346 9
347 4
348 8
349 4
350 6
351 2
352 1
353 6
354 4
355 5
356 5
357 2
358 4
359 3
360 9
361 2
362 1
363 5
364 10
365 2
366 1
367 9
368 3
369 5
370 9
371 10
372 9
374 9
375 3
377 10
378 10
379 8
380 9
381 4
382 5
