201 1
202 5
203 8
204 8
205 9
206 2
207 8
208 2
209 3
210 7
212 5
213 6
214 7
215 4
216 6
217 10
218 8
219 7
220 5
221 4
222 7
223 1
224 9
225 9
227 9
228 10
229 3
230 3
231 1
233 4
234 5
235 4
236 1
237 9
238 7
239 9
240 4
241 8
242 2
243 2
244 6
245 10
246 1
247 5
248 9
249 4
250 9
251 3
252 5
253 7
254 10
255 3
256 10
257 3
258 7
259 5
260 7
261 3
262 7
264 1
265 7
266 10
267 3
268 8
269 1
270 8
271 10
272 3
273 2
274 8
275 9
276 4
277 7
278 3
279 1
280 5
281 4
282 3
283 2
284 4
285 7
286 10
287 7
289 10
290 1
291 2
293 2
294 1
