401 3
402 8
403 10
404 10
405 9
406 10
408 10
409 8
410 9
411 4
412 5
413 3
414 5
415 3
416 7
417 10
418 8
419 7
420 1
421 5
422 3
423 6
424 3
426 8
427 6
428 5
429 10
430 6
431 7
432 1
433 4
436 6
437 7
438 1
439 7
440 6
441 6
442 7
443 2
444 5
445 1
446 5
447 2
448 8
449 8
451 5
452 2
453 4
454 2
455 9
456 5
457 2
458 5
459 3
460 8
461 7
462 7
463 7
464 10
465 9
466 3
467 6
468 3
469 4
470 6
471 3
472 7
473 4
475 1
476 9
477 6
478 1
479 7
481 7
