201 7
202 5
203 7
204 5
205 7
206 10
209 1
210 10
211 2
212 4
213 3
214 5
215 4
216 8
217 10
218 7
219 10
220 9
221 10
223 9
224 5
225 1
226 9
227 10
228 8
229 2
230 1
231 9
232 5
233 4
235 7
236 9
237 6
238 6
240 10
241 3
242 4
243 4
244 8
245 5
246 1
247 8
248 9
249 7
250 9
251 8
252 5
253 3
254 1
255 9
256 1
257 7
258 3
259 7
260 6
261 2
262 8
263 5
264 1
265 5
267 8
268 2
269 4
270 7
271 5
272 5
273 4
274 3
277 4
278 1
279 5
281 2
282 5
283 1
284 8
285 7
286 8
287 5
289 4
290 9
291 6
292 8
293 6
294 6
