302 5
303 4
304 1
305 7
306 3
307 7
308 3
309 8
310 5
311 1
312 5
314 6
315 10
316 10
318 10
319 4
320 2
321 1
322 8
323 4
325 5
326 1
328 6
329 1
330 3
331 7
332 5
333 6
335 8
337 9
338 9
339 5
340 1
341 1
342 10
343 9
344 4
345 5
346 4
347 5
348 9
349 6
350 8
351 9
352 1
353 10
354 6
357 3
358 4
359 7
360 8
361 1
362 9
363 9
364 8
365 8
367 6
368 6
369 8
370 7
371 5
372 7
373 9
374 6
375 1
376 2
377 9
378 3
379 8
380 8
381 5
382 8
