302 4
304 7
305 2
306 6
307 6
308 10
309 9
310 1
311 8
312 3
313 9
314 7
315 7
316 4
317 3
318 9
319 4
320 4
321 5
322 3
323 2
324 8
325 2
326 9
327 8
329 1
330 8
331 2
332 5
333 5
334 2
335 1
336 1
337 7
339 8
340 4
341 4
342 9
343 5
344 4
345 3
346 3
347 3
348 6
349 4
351 10
352 8
353 9
354 8
355 5
356 1
357 7
359 7
360 2
361 9
362 8
363 9
364 1
365 1
366 9
367 7
368 8
371 10
373 8
374 3
375 3
376 4
377 9
378 7
379 6
380 7
381 9
