502 8
503 2
504 9
505 10
507 8
508 5
509 6
510 7
511 8
512 8
513 8
514 4
515 4
516 9
517 9
518 8
519 7
520 3
521 10
522 7
524 3
525 1
526 9
527 5
528 4
529 6
530 1
531 6
532 5
533 6
534 6
535 2
536 4
537 3
538 1
539 10
540 2
541 3
542 6
543 4
544 10
545 8
546 8
548 9
549 4
550 6
551 3
552 4
553 7
554 6
555 4
556 1
557 5
558 6
559 1
560 1
562 6
563 4
564 2
565 6
566 7
567 6
568 2
569 4
570 10
571 6
572 4
573 4
574 4
576 5
577 3
578 8
580 8
581 7
582 3
584 7
585 5
586 10
587 5
588 3
