301 5
302 8
303 5
305 7
307 9
308 3
309 2
310 5
311 6
313 1
314 9
315 5
316 3
317 1
318 2
319 1
320 7
321 9
322 3
323 2
324 8
325 10
326 6
327 7
329 7
330 2
331 1
332 2
333 9
334 3
335 6
336 3
337 4
338 3
339 10
340 1
341 10
342 9
343 10
344 7
345 9
346 9
347 9
348 7
349 3
350 5
351 6
352 1
353 3
354 3
355 4
356 3
358 4
359 9
360 3
361 7
362 4
363 1
364 1
365 10
366 10
367 7
368 5
369 3
370 8
371 6
372 9
373 7
374 10
375 2
377 4
378 4
379 2
380 9
381 8
382 9
