101 1
102 1
103 3
104 9
105 8
106 7
107 5
108 4
109 9
110 10
111 8
112 3
113 2
114 3
115 9
116 4
117 10
118 1
119 2
120 10
121 8
122 10
123 7
124 1
125 7
126 4
127 6
128 7
129 3
130 4
131 10
132 3
133 6
134 3
135 7
136 2
137 8
138 3
139 7
140 1
141 1
142 5
143 4
144 7
146 4
147 4
149 6
150 6
151 10
152 10
153 8
154 5
155 6
156 5
157 7
158 10
159 2
160 2
161 5
162 10
163 3
164 1
165 10
166 5
167 5
168 3
169 7
170 5
171 4
172 10
173 2
174 3
175 9
176 8
177 3
178 10
179 5
180 1
181 7
182 7
183 6
184 7
185 2
