502 9
503 2
504 4
505 10
506 9
507 8
508 7
509 3
510 3
511 4
512 3
513 5
514 7
515 6
516 10
517 1
518 8
519 3
520 8
521 1
522 9
523 9
524 3
525 7
526 7
527 3
528 6
529 3
530 7
531 7
532 3
533 5
535 10
536 8
537 2
538 3
539 10
541 9
542 6
543 7
544 9
545 5
546 2
547 2
548 3
549 1
550 8
551 2
552 8
553 5
554 10
555 4
556 8
557 8
558 7
559 1
560 2
561 2
562 3
563 7
564 9
565 1
566 1
567 3
569 1
570 1
571 5
572 7
573 4
574 3
575 9
576 4
577 5
578 4
579 8
580 6
581 10
582 10
583 5
584 6
585 7
586 8
587 5
588 7
