101 8
102 10
104 4
105 7
106 7
108 2
109 8
110 6
111 2
112 5
114 5
115 2
116 1
118 4
119 4
121 1
122 2
123 4
124 3
125 10
126 8
127 7
129 4
130 5
131 10
132 10
133 3
134 6
135 9
136 9
138 1
139 2
140 1
141 8
142 6
143 1
144 8
145 4
146 7
147 4
148 9
149 7
150 8
151 7
152 7
153 9
154 8
155 7
156 2
157 10
158 6
159 2
160 8
161 2
162 5
163 1
164 3
165 9
167 3
168 1
169 9
170 6
171 10
172 10
173 6
174 5
175 5
176 6
177 5
178 2
179 9
182 8
183 8
184 5
185 8
