101 1
102 6
103 4
104 3
105 3
106 4
107 3
108 6
109 10
111 2
112 7
113 2
114 4
115 6
116 8
117 1
118 1
119 3
120 7
121 2
122 2
123 4
124 9
125 8
126 6
127 5
128 5
129 10
130 1
131 4
132 8
133 9
134 5
135 6
136 5
138 1
139 2
140 8
141 1
142 6
143 2
144 2
145 2
146 5
147 6
148 3
149 3
150 10
151 2
152 3
153 8
154 2
155 8
156 8
158 9
159 4
160 7
161 2
162 9
163 1
164 10
165 1
166 2
167 2
168 1
169 6
170 4
171 7
172 8
173 10
174 4
175 2
176 6
177 8
178 8
179 7
181 1
183 1
184 6
185 8
