102 2
103 7
104 4
105 10
106 10
107 8
108 6
109 5
110 10
111 3
112 10
113 6
114 7
115 2
116 5
117 4
118 6
119 6
120 6
122 6
123 8
124 2
126 10
127 7
128 4
129 7
130 4
131 10
132 4
133 9
134 3
135 6
136 10
137 1
139 3
140 3
141 3
142 10
143 4
145 7
146 1
147 9
148 1
149 9
150 10
151 7
152 7
153 6
154 5
155 10
156 8
157 7
158 5
159 4
160 2
161 1
162 3
165 4
166 9
167 3
169 1
170 10
171 5
173 5
174 3
175 4
176 8
177 5
178 4
179 9
180 1
181 6
182 1
183 3
184 9
185 9
