201 2
202 7
203 3
204 2
205 2
206 4
207 7
208 8
209 6
210 6
211 9
212 8
213 4
214 10
215 3
216 5
217 6
218 2
219 5
220 2
221 7
222 8
223 2
224 6
225 8
226 6
227 6
228 4
229 6
230 2
232 6
233 10
234 9
235 8
236 5
237 3
238 1
239 3
240 3
242 3
243 1
245 1
246 10
247 1
248 8
249 3
250 1
251 2
253 4
254 6
255 3
257 2
258 3
260 5
261 7
263 6
264 9
265 4
266 7
268 8
269 5
270 8
271 7
272 5
274 2
275 7
276 10
277 4
278 4
279 3
281 2
282 2
283 2
284 8
286 5
288 6
289 3
290 4
292 3
294 8
