101 9
102 5
103 1
105 4
106 7
107 4
108 7
109 7
110 5
111 6
112 5
113 1
114 9
115 6
116 2
117 2
118 6
119 9
120 7
121 5
122 9
123 8
124 7
125 5
126 8
128 6
129 4
130 5
131 5
132 10
133 7
134 10
135 1
136 5
137 8
138 6
139 3
140 2
141 4
143 10
144 3
146 1
147 6
148 4
149 7
150 7
151 9
152 2
153 10
154 3
155 6
157 2
158 2
159 1
160 7
161 3
162 5
163 8
164 7
165 10
166 5
167 10
168 7
169 8
170 4
172 1
173 2
174 9
175 4
176 1
177 2
178 10
179 4
180 8
181 1
182 7
183 10
185 5
