501 6
502 9
503 8
504 9
505 10
506 4
507 1
508 7
509 9
510 8
511 3
512 4
513 7
514 7
515 1
516 10
517 1
518 7
519 4
520 1
521 9
522 3
523 2
524 7
525 5
526 3
527 8
528 9
529 6
530 1
533 3
534 1
535 5
536 7
537 4
538 2
539 8
540 1
541 1
542 10
543 3
544 9
545 7
546 10
547 1
548 1
550 3
551 1
553 6
554 1
555 7
556 6
557 3
558 10
559 9
560 9
561 10
562 6
563 2
564 2
565 8
566 2
567 7
568 7
569 8
571 3
572 8
573 8
574 10
575 7
576 8
577 5
578 5
579 3
580 4
581 3
582 7
583 4
584 7
585 8
586 2
587 8
588 4
