501 5
502 6
503 9
504 9
506 3
507 4
508 10
510 1
511 10
512 4
513 4
514 7
515 4
516 2
517 2
518 10
519 1
520 4
521 1
522 4
524 5
525 2
526 5
527 4
528 4
529 1
530 3
531 9
532 9
533 9
534 5
535 3
536 3
537 7
538 1
539 6
540 8
541 6
542 8
543 1
544 5
545 4
546 8
547 7
548 3
549 2
550 6
551 10
553 1
554 3
555 4
556 2
557 4
558 1
559 2
560 5
561 10
562 6
563 2
564 4
565 6
566 3
567 6
568 8
569 7
570 5
572 5
573 5
574 9
575 2
576 2
577 8
578 9
579 7
580 10
582 6
583 9
584 9
585 5
586 6
587 4
588 8
