301 8
302 2
303 8
304 9
305 6
306 4
307 5
308 6
309 6
310 2
311 3
312 1
313 7
314 1
315 2
316 6
317 1
318 5
319 8
320 9
321 6
322 1
324 5
325 6
326 4
327 7
328 1
329 3
330 3
331 3
332 5
333 8
334 2
335 10
336 10
337 5
339 6
340 3
341 5
342 5
343 7
344 6
345 3
346 3
347 4
348 8
349 5
351 1
352 3
353 6
354 3
356 8
357 4
358 6
359 9
360 9
361 2
362 6
363 3
364 3
365 6
366 10
367 7
368 3
369 6
370 9
373 4
374 8
375 5
376 9
377 9
378 7
379 9
380 3
381 2
382 1
