301 1
302 8
303 6
304 8
305 1
306 10
307 6
308 4
310 5
311 9
313 8
314 7
315 8
316 1
317 1
318 7
319 2
320 4
321 3
322 6
323 9
325 1
326 9
327 4
328 6
329 2
330 9
331 4
332 7
333 3
334 5
336 8
337 7
338 10
339 8
340 8
341 10
342 9
343 4
344 7
345 8
346 7
347 5
349 3
350 7
351 10
352 10
353 10
354 3
355 3
356 1
357 5
358 2
359 7
360 5
361 8
362 3
363 1
364 5
365 8
366 2
367 10
368 8
369 4
370 8
371 6
373 6
374 1
375 1
376 9
377 6
378 9
379 1
381 9
382 7
