401 8
402 5
403 6
404 10
405 2
406 6
407 7
408 2
409 2
410 9
411 3
412 2
413 3
415 4
416 10
417 10
418 6
419 3
420 10
421 4
422 8
423 9
424 4
425 3
426 2
427 5
428 8
430 9
431 9
432 6
433 6
434 5
435 4
436 9
437 2
438 3
439 5
440 8
441 4
442 7
443 8
444 9
445 10
446 5
447 6
448 6
450 6
451 5
452 2
453 8
455 3
456 8
457 4
458 10
459 3
460 6
461 8
462 9
463 1
464 2
465 5
466 6
467 5
468 8
469 2
470 3
471 3
472 2
473 10
474 3
475 2
476 7
477 3
478 7
479 7
480 2
481 6
