501 6
502 3
503 4
504 9
505 10
506 10
507 6
508 8
509 8
510 3
511 7
512 1
513 10
514 9
516 8
517 8
518 2
519 9
520 1
521 10
522 3
523 2
524 7
526 3
527 3
528 2
529 6
530 4
531 4
532 3
533 4
534 5
535 8
536 2
537 6
539 2
540 4
541 6
543 5
544 3
545 7
546 5
547 8
549 2
550 1
551 9
552 1
553 1
554 10
555 3
557 7
558 8
559 5
561 4
562 10
563 1
564 8
565 5
566 1
567 2
568 5
570 6
571 3
572 2
574 9
575 3
576 7
577 6
579 8
580 6
581 9
582 6
583 1
584 9
585 8
586 6
587 8
588 10
