201 3
202 5
203 9
204 9
205 3
206 8
207 2
208 7
210 7
211 6
212 7
213 8
214 5
215 3
216 7
217 10
218 10
219 7
220 1
221 9
222 6
223 8
225 1
226 2
227 1
228 9
229 1
231 5
232 8
233 5
234 7
235 6
236 5
237 2
238 1
239 4
240 8
241 5
243 10
244 5
245 5
246 2
247 10
248 10
249 2
250 8
251 9
252 8
253 7
254 7
256 5
258 9
259 10
260 3
261 2
263 4
264 2
265 5
266 5
267 2
268 5
270 4
271 4
272 1
273 4
275 7
276 2
277 9
278 9
279 8
280 8
281 2
282 2
283 5
284 3
285 8
286 6
287 2
289 10
290 9
292 5
293 6
294 4
