501 4
502 10
503 10
504 5
505 3
506 7
507 2
508 2
510 5
512 6
513 7
516 3
517 3
518 5
519 3
520 7
521 10
522 1
523 1
524 8
525 8
526 9
527 5
528 9
529 6
530 5
531 9
532 2
533 2
535 1
536 7
537 9
538 1
539 3
540 8
541 2
542 6
543 8
544 8
545 8
546 7
547 5
548 2
549 4
550 10
551 8
552 10
553 6
554 3
556 9
557 5
558 10
559 8
560 8
561 6
562 4
563 6
565 2
566 10
567 5
569 8
570 6
571 3
572 10
573 9
574 9
575 6
576 3
577 5
578 5
579 9
582 2
583 9
584 6
585 10
586 4
588 8
