101 8
102 9
103 10
104 4
105 4
106 1
107 10
108 1
109 1
110 6
111 6
112 9
115 3
116 7
117 4
119 9
120 9
121 5
122 6
123 7
124 8
125 4
126 1
127 3
130 10
131 1
132 4
133 10
134 3
136 7
137 8
138 7
140 2
141 4
142 1
143 4
144 8
145 7
146 8
147 5
148 1
149 10
150 10
151 2
152 3
153 4
154 5
155 2
156 1
157 1
158 4
159 8
160 5
161 6
162 10
163 6
164 3
165 1
167 8
168 8
169 1
170 2
171 9
172 5
173 5
174 4
175 10
176 2
177 7
178 1
179 10
180 1
181 1
182 2
183 1
184 6
185 2
