201 2
203 6
204 2
205 3
206 1
207 6
208 4
209 8
210 5
211 2
212 7
213 1
214 3
215 3
216 8
217 2
218 7
219 7
220 2
221 7
222 1
223 2
226 1
227 1
228 8
229 10
231 8
232 3
233 1
235 2
236 3
237 5
238 6
239 10
240 4
241 4
242 6
243 5
244 1
245 5
246 7
247 7
248 1
249 2
250 5
251 6
252 8
253 1
254 5
255 5
256 1
257 2
258 8
259 8
261 1
262 10
263 8
264 2
265 9
266 4
267 2
268 3
269 5
270 3
271 7
272 6
273 4
274 1
275 10
276 8
277 1
278 8
279 5
280 3
281 8
282 3
283 8
284 9
285 6
286 1
287 8
288 6
289 2
290 5
291 7
292 1
293 9
294 3
