401 3
402 2
403 10
404 5
405 2
406 3
407 6
408 10
409 4
410 10
411 1
412 1
413 4
414 3
415 4
416 6
417 4
418 2
419 8
420 5
421 1
422 2
423 8
424 8
425 8
427 3
428 2
429 4
430 7
431 8
432 3
433 8
434 8
435 2
436 1
437 6
438 2
439 2
440 3
441 6
442 9
443 4
444 8
445 5
446 1
447 3
448 3
449 2
450 8
451 1
452 4
453 5
454 10
455 6
456 6
458 6
459 4
460 2
461 4
462 4
463 4
464 4
465 9
466 1
467 1
469 9
470 1
471 8
472 10
473 3
474 1
476 3
477 9
478 9
479 3
480 3
481 2
