201 7
203 1
204 7
205 3
206 10
207 10
209 3
212 4
213 1
214 4
215 8
217 4
218 7
219 9
220 4
221 1
222 7
223 8
224 5
226 7
227 1
228 2
229 7
230 5
231 2
233 8
235 1
236 4
238 3
239 6
240 5
241 5
242 3
243 8
244 1
245 8
246 2
247 7
248 2
249 1
250 10
251 7
252 5
253 9
254 9
255 4
256 3
257 4
258 1
259 8
260 9
261 9
263 8
264 5
265 4
266 9
267 4
268 9
269 4
270 7
271 8
273 9
274 4
275 8
276 1
277 6
279 8
280 1
281 9
284 4
285 4
286 1
287 2
288 5
289 10
290 1
291 5
292 7
293 3
